5 Oct 2010 16:00:00.000    -2000843.351    -4934258.329    3499764.310    0.447036    0.097391    0.820453    -0.342829
5 Oct 2010 16:00:00.067    -2000843.432    -4934257.878    3499764.895    0.446255    0.099200    0.819748    -0.345005
5 Oct 2010 16:00:00.133    -2000843.520    -4934257.421    3499765.486    0.445472    0.100956    0.819083    -0.347081
5 Oct 2010 16:00:00.200    -2000843.613    -4934256.968    3499766.067    0.444727    0.102531    0.818537    -0.348858
5 Oct 2010 16:00:00.267    -2000843.711    -4934256.514    3499766.646    0.444286    0.102773    0.819030    -0.348192
5 Oct 2010 16:00:00.333    -2000843.817    -4934256.054    3499767.233    0.443838    0.103015    0.819529    -0.347516
5 Oct 2010 16:00:00.400    -2000843.926    -4934255.598    3499767.808    0.443398    0.103248    0.820020    -0.346852
5 Oct 2010 16:00:00.467    -2000844.041    -4934255.141    3499768.382    0.442957    0.103479    0.820509    -0.346189
5 Oct 2010 16:00:00.533    -2000844.164    -4934254.677    3499768.963    0.442510    0.103709    0.821004    -0.345517
5 Oct 2010 16:00:00.600    -2000844.290    -4934254.219    3499769.533    0.442070    0.103932    0.821490    -0.344857
5 Oct 2010 16:00:00.667    -2000844.421    -4934253.760    3499770.101    0.441630    0.104151    0.821975    -0.344197
5 Oct 2010 16:00:00.733    -2000844.561    -4934253.293    3499770.676    0.441184    0.104371    0.822467    -0.343529
5 Oct 2010 16:00:00.800    -2000844.704    -4934252.832    3499771.240    0.440745    0.104583    0.822949    -0.342873
5 Oct 2010 16:00:00.867    -2000844.852    -4934252.370    3499771.801    0.440306    0.104793    0.823430    -0.342217
5 Oct 2010 16:00:00.933    -2000845.009    -4934251.902    3499772.370    0.439861    0.105001    0.823917    -0.341553
5 Oct 2010 16:00:01.000    -2000845.169    -4934251.439    3499772.928    0.439424    0.105204    0.824395    -0.340899
5 Oct 2010 16:00:01.067    -2000845.334    -4934250.975    3499773.483    0.438987    0.105403    0.824871    -0.340247
5 Oct 2010 16:00:01.133    -2000845.507    -4934250.504    3499774.045    0.438544    0.105602    0.825354    -0.339586
5 Oct 2010 16:00:01.200    -2000845.683    -4934250.039    3499774.596    0.438109    0.105795    0.825827    -0.338936
5 Oct 2010 16:00:01.267    -2000845.865    -4934249.573    3499775.144    0.437673    0.105984    0.826300    -0.338287
5 Oct 2010 16:00:01.333    -2000846.055    -4934249.100    3499775.700    0.437232    0.106174    0.826778    -0.337630
5 Oct 2010 16:00:01.400    -2000846.247    -4934248.633    3499776.243    0.436798    0.106357    0.827247    -0.336983
5 Oct 2010 16:00:01.467    -2000846.446    -4934248.166    3499776.785    0.436366    0.106537    0.827715    -0.336338
5 Oct 2010 16:00:01.533    -2000846.652    -4934247.692    3499777.333    0.435927    0.106717    0.828188    -0.335684
5 Oct 2010 16:00:01.600    -2000846.861    -4934247.224    3499777.869    0.435496    0.106890    0.828653    -0.335041
5 Oct 2010 16:00:01.667    -2000847.075    -4934246.755    3499778.403    0.435065    0.107061    0.829116    -0.334400
5 Oct 2010 16:00:01.733    -2000847.298    -4934246.280    3499778.944    0.434629    0.107231    0.829585    -0.333749
5 Oct 2010 16:00:01.800    -2000847.524    -4934245.810    3499779.473    0.434201    0.107396    0.830044    -0.333110
5 Oct 2010 16:00:01.867    -2000847.754    -4934245.340    3499779.999    0.433773    0.107558    0.830503    -0.332471
5 Oct 2010 16:00:01.933    -2000847.993    -4934244.864    3499780.531    0.433340    0.107719    0.830966    -0.331824
5 Oct 2010 16:00:02.000    -2000848.235    -4934244.394    3499781.052    0.432915    0.107875    0.831422    -0.331188
5 Oct 2010 16:00:02.067    -2000848.481    -4934243.923    3499781.570    0.432491    0.108029    0.831876    -0.330552
5 Oct 2010 16:00:02.133    -2000848.737    -4934243.446    3499782.095    0.432062    0.108181    0.832334    -0.329909
5 Oct 2010 16:00:02.200    -2000848.994    -4934242.975    3499782.608    0.431639    0.108329    0.832784    -0.329276
5 Oct 2010 16:00:02.267    -2000849.257    -4934242.504    3499783.117    0.431219    0.108474    0.833233    -0.328644
5 Oct 2010 16:00:02.333    -2000849.528    -4934242.027    3499783.633    0.430793    0.108618    0.833686    -0.328005
5 Oct 2010 16:00:02.400    -2000849.801    -4934241.556    3499784.137    0.430375    0.108757    0.834131    -0.327375
5 Oct 2010 16:00:02.467    -2000850.080    -4934241.084    3499784.639    0.429958    0.108894    0.834575    -0.326746
5 Oct 2010 16:00:02.533    -2000850.366    -4934240.607    3499785.146    0.429535    0.109029    0.835024    -0.326109
5 Oct 2010 16:00:02.600    -2000850.655    -4934240.136    3499785.641    0.429122    0.109160    0.835463    -0.325483
5 Oct 2010 16:00:02.667    -2000850.950    -4934239.664    3499786.134    0.428709    0.109289    0.835902    -0.324858
5 Oct 2010 16:00:02.733    -2000851.253    -4934239.187    3499786.630    0.428291    0.109417    0.836345    -0.324225
5 Oct 2010 16:00:02.800    -2000851.556    -4934238.716    3499787.118    0.427882    0.109541    0.836779    -0.323602
5 Oct 2010 16:00:02.867    -2000851.865    -4934238.245    3499787.602    0.427473    0.109660    0.837212    -0.322981
5 Oct 2010 16:00:02.933    -2000852.185    -4934237.768    3499788.088    0.427061    0.109780    0.837650    -0.322351
5 Oct 2010 16:00:03.000    -2000852.504    -4934237.297    3499788.566    0.426655    0.109896    0.838079    -0.321733
5 Oct 2010 16:00:03.067    -2000852.828    -4934236.827    3499789.041    0.426252    0.110010    0.838506    -0.321114
5 Oct 2010 16:00:03.133    -2000853.163    -4934236.351    3499789.518    0.425843    0.110121    0.838939    -0.320488
5 Oct 2010 16:00:03.200    -2000853.497    -4934235.881    3499789.986    0.425443    0.110229    0.839362    -0.319873
5 Oct 2010 16:00:03.267    -2000853.836    -4934235.412    3499790.450    0.425045    0.110334    0.839784    -0.319259
5 Oct 2010 16:00:03.333    -2000854.186    -4934234.936    3499790.918    0.424642    0.110439    0.840210    -0.318636
5 Oct 2010 16:00:03.400    -2000854.535    -4934234.468    3499791.376    0.424247    0.110539    0.840628    -0.318025
5 Oct 2010 16:00:03.467    -2000854.889    -4934233.999    3499791.830    0.423853    0.110638    0.841045    -0.317414
5 Oct 2010 16:00:03.533    -2000855.254    -4934233.525    3499792.287    0.423456    0.110735    0.841465    -0.316796
5 Oct 2010 16:00:03.600    -2000855.617    -4934233.058    3499792.735    0.423066    0.110828    0.841877    -0.316188
5 Oct 2010 16:00:03.667    -2000855.986    -4934232.591    3499793.179    0.422679    0.110918    0.842288    -0.315581
5 Oct 2010 16:00:03.733    -2000856.366    -4934232.118    3499793.626    0.422287    0.111008    0.842702    -0.314966
5 Oct 2010 16:00:03.800    -2000856.744    -4934231.653    3499794.063    0.421903    0.111094    0.843109    -0.314363
5 Oct 2010 16:00:03.867    -2000857.127    -4934231.187    3499794.497    0.421521    0.111178    0.843513    -0.313760
5 Oct 2010 16:00:03.933    -2000857.521    -4934230.717    3499794.933    0.421136    0.111260    0.843921    -0.313149
5 Oct 2010 16:00:04.000    -2000857.914    -4934230.253    3499795.359    0.420758    0.111340    0.844322    -0.312549
5 Oct 2010 16:00:04.067    -2000858.311    -4934229.790    3499795.782    0.420383    0.111416    0.844720    -0.311951
5 Oct 2010 16:00:04.133    -2000858.719    -4934229.321    3499796.207    0.420003    0.111492    0.845122    -0.311345
5 Oct 2010 16:00:04.200    -2000859.126    -4934228.859    3499796.623    0.419632    0.111564    0.845516    -0.310749
5 Oct 2010 16:00:04.267    -2000859.537    -4934228.398    3499797.034    0.419262    0.111633    0.845909    -0.310154
5 Oct 2010 16:00:04.333    -2000859.959    -4934227.932    3499797.448    0.418890    0.111702    0.846305    -0.309552
5 Oct 2010 16:00:04.400    -2000860.380    -4934227.473    3499797.852    0.418525    0.111767    0.846693    -0.308961
5 Oct 2010 16:00:04.467    -2000860.805    -4934227.014    3499798.253    0.418163    0.111831    0.847078    -0.308370
5 Oct 2010 16:00:04.533    -2000861.241    -4934226.550    3499798.655    0.417797    0.111892    0.847468    -0.307772
5 Oct 2010 16:00:04.600    -2000861.675    -4934226.094    3499799.048    0.417439    0.111951    0.847849    -0.307186
5 Oct 2010 16:00:04.667    -2000862.114    -4934225.638    3499799.436    0.417084    0.112008    0.848229    -0.306600
5 Oct 2010 16:00:04.733    -2000862.563    -4934225.177    3499799.827    0.416725    0.112063    0.848612    -0.306007
5 Oct 2010 16:00:04.800    -2000863.010    -4934224.724    3499800.208    0.416374    0.112115    0.848987    -0.305424
5 Oct 2010 16:00:04.867    -2000863.462    -4934224.271    3499800.585    0.416026    0.112165    0.849360    -0.304843
5 Oct 2010 16:00:04.933    -2000863.925    -4934223.813    3499800.964    0.415675    0.112212    0.849736    -0.304255
5 Oct 2010 16:00:05.000    -2000864.385    -4934223.363    3499801.333    0.415332    0.112257    0.850104    -0.303678
5 Oct 2010 16:00:05.067    -2000864.850    -4934222.914    3499801.698    0.414991    0.112301    0.850471    -0.303101
5 Oct 2010 16:00:05.133    -2000865.326    -4934222.459    3499802.065    0.414648    0.112343    0.850840    -0.302518
5 Oct 2010 16:00:05.200    -2000865.799    -4934222.012    3499802.421    0.414312    0.112382    0.851202    -0.301945
5 Oct 2010 16:00:05.267    -2000866.277    -4934221.567    3499802.774    0.413980    0.112419    0.851561    -0.301373
5 Oct 2010 16:00:05.333    -2000866.765    -4934221.116    3499803.129    0.413644    0.112454    0.851924    -0.300796
5 Oct 2010 16:00:05.400    -2000867.251    -4934220.673    3499803.473    0.413317    0.112487    0.852279    -0.300228
5 Oct 2010 16:00:05.467    -2000867.741    -4934220.231    3499803.813    0.412993    0.112517    0.852631    -0.299663
5 Oct 2010 16:00:05.533    -2000868.241    -4934219.784    3499804.155    0.412666    0.112546    0.852986    -0.299089
5 Oct 2010 16:00:05.600    -2000868.739    -4934219.345    3499804.487    0.412346    0.112573    0.853334    -0.298527
5 Oct 2010 16:00:05.667    -2000869.241    -4934218.907    3499804.814    0.412030    0.112597    0.853680    -0.297966
5 Oct 2010 16:00:05.733    -2000869.755    -4934218.465    3499805.144    0.411712    0.112619    0.854028    -0.297399
5 Oct 2010 16:00:05.800    -2000870.264    -4934218.030    3499805.463    0.411402    0.112639    0.854369    -0.296842
5 Oct 2010 16:00:05.867    -2000870.778    -4934217.596    3499805.777    0.411094    0.112658    0.854707    -0.296288
5 Oct 2010 16:00:05.933    -2000871.304    -4934217.158    3499806.094    0.410784    0.112674    0.855048    -0.295726
5 Oct 2010 16:00:06.000    -2000871.825    -4934216.728    3499806.400    0.410483    0.112688    0.855381    -0.295175
5 Oct 2010 16:00:06.067    -2000872.349    -4934216.299    3499806.701    0.410185    0.112699    0.855712    -0.294626
5 Oct 2010 16:00:06.133    -2000872.887    -4934215.866    3499807.004    0.409885    0.112709    0.856045    -0.294070
5 Oct 2010 16:00:06.200    -2000873.419    -4934215.440    3499807.298    0.409592    0.112718    0.856371    -0.293526
5 Oct 2010 16:00:06.267    -2000873.955    -4934215.016    3499807.587    0.409303    0.112723    0.856695    -0.292982
5 Oct 2010 16:00:06.333    -2000874.504    -4934214.588    3499807.875    0.409013    0.112726    0.857021    -0.292433
5 Oct 2010 16:00:06.400    -2000875.047    -4934214.167    3499808.156    0.408730    0.112728    0.857339    -0.291894
5 Oct 2010 16:00:06.467    -2000875.594    -4934213.748    3499808.432    0.408450    0.112728    0.857655    -0.291357
5 Oct 2010 16:00:06.533    -2000876.154    -4934213.325    3499808.706    0.408169    0.112726    0.857973    -0.290815
5 Oct 2010 16:00:06.600    -2000876.708    -4934212.910    3499808.973    0.407896    0.112721    0.858284    -0.290282
5 Oct 2010 16:00:06.667    -2000877.266    -4934212.496    3499809.236    0.407626    0.112714    0.858592    -0.289752
5 Oct 2010 16:00:06.733    -2000877.836    -4934212.079    3499809.497    0.407356    0.112706    0.858902    -0.289216
5 Oct 2010 16:00:06.800    -2000878.400    -4934211.669    3499809.750    0.407093    0.112694    0.859205    -0.288690
5 Oct 2010 16:00:06.867    -2000878.968    -4934211.261    3499809.999    0.406833    0.112682    0.859505    -0.288167
5 Oct 2010 16:00:06.933    -2000879.549    -4934210.849    3499810.246    0.406573    0.112668    0.859807    -0.287638
5 Oct 2010 16:00:07.000    -2000880.123    -4934210.445    3499810.486    0.406320    0.112651    0.860102    -0.287119
5 Oct 2010 16:00:07.067    -2000880.701    -4934210.043    3499810.721    0.406071    0.112632    0.860395    -0.286603
5 Oct 2010 16:00:07.133    -2000881.291    -4934209.637    3499810.954    0.405822    0.112612    0.860688    -0.286081
5 Oct 2010 16:00:07.200    -2000881.875    -4934209.239    3499811.180    0.405580    0.112589    0.860975    -0.285570
5 Oct 2010 16:00:07.267    -2000882.463    -4934208.843    3499811.401    0.405342    0.112564    0.861259    -0.285061
5 Oct 2010 16:00:07.333    -2000883.063    -4934208.443    3499811.621    0.405103    0.112537    0.861545    -0.284546
5 Oct 2010 16:00:07.400    -2000883.656    -4934208.051    3499811.832    0.404872    0.112508    0.861824    -0.284043
5 Oct 2010 16:00:07.467    -2000884.253    -4934207.661    3499812.039    0.404644    0.112478    0.862100    -0.283542
5 Oct 2010 16:00:07.533    -2000884.862    -4934207.268    3499812.244    0.404417    0.112445    0.862377    -0.283035
5 Oct 2010 16:00:07.600    -2000885.465    -4934206.882    3499812.442    0.404198    0.112410    0.862647    -0.282539
5 Oct 2010 16:00:07.667    -2000886.070    -4934206.499    3499812.634    0.403982    0.112374    0.862914    -0.282045
5 Oct 2010 16:00:07.733    -2000886.688    -4934206.112    3499812.825    0.403767    0.112335    0.863183    -0.281547
5 Oct 2010 16:00:07.800    -2000887.299    -4934205.733    3499813.009    0.403559    0.112294    0.863445    -0.281059
5 Oct 2010 16:00:07.867    -2000887.914    -4934205.357    3499813.187    0.403355    0.112252    0.863703    -0.280574
5 Oct 2010 16:00:07.933    -2000888.540    -4934204.977    3499813.363    0.403151    0.112207    0.863963    -0.280084
5 Oct 2010 16:00:08.000    -2000889.160    -4934204.605    3499813.532    0.402954    0.112161    0.864216    -0.279604
5 Oct 2010 16:00:08.067    -2000889.782    -4934204.236    3499813.696    0.402762    0.112112    0.864466    -0.279128
5 Oct 2010 16:00:08.133    -2000890.416    -4934203.863    3499813.858    0.402570    0.112061    0.864717    -0.278646
5 Oct 2010 16:00:08.200    -2000891.044    -4934203.498    3499814.012    0.402387    0.112008    0.864961    -0.278176
5 Oct 2010 16:00:08.267    -2000891.674    -4934203.136    3499814.162    0.402207    0.111954    0.865202    -0.277707
5 Oct 2010 16:00:08.333    -2000892.316    -4934202.770    3499814.309    0.402029    0.111897    0.865443    -0.277236
5 Oct 2010 16:00:08.400    -2000892.952    -4934202.413    3499814.449    0.401857    0.111837    0.865679    -0.276774
5 Oct 2010 16:00:08.467    -2000893.590    -4934202.058    3499814.584    0.401690    0.111777    0.865911    -0.276315
5 Oct 2010 16:00:08.533    -2000894.239    -4934201.700    3499814.717    0.401524    0.111714    0.866143    -0.275852
5 Oct 2010 16:00:08.600    -2000894.881    -4934201.350    3499814.841    0.401366    0.111650    0.866369    -0.275400
5 Oct 2010 16:00:08.667    -2000895.526    -4934201.003    3499814.961    0.401212    0.111583    0.866591    -0.274950
5 Oct 2010 16:00:08.733    -2000896.183    -4934200.652    3499815.080    0.401060    0.111514    0.866814    -0.274497
5 Oct 2010 16:00:08.800    -2000896.832    -4934200.310    3499815.190    0.400913    0.111444    0.867031    -0.274054
5 Oct 2010 16:00:08.867    -2000897.484    -4934199.971    3499815.295    0.400772    0.111372    0.867244    -0.273615
5 Oct 2010 16:00:08.933    -2000898.147    -4934199.628    3499815.397    0.400634    0.111296    0.867458    -0.273172
5 Oct 2010 16:00:09.000    -2000898.802    -4934199.294    3499815.494    0.400502    0.111219    0.867664    -0.272739
5 Oct 2010 16:00:09.067    -2000899.460    -4934198.963    3499815.585    0.400374    0.111141    0.867868    -0.272310
5 Oct 2010 16:00:09.133    -2000900.129    -4934198.628    3499815.672    0.400250    0.111059    0.868072    -0.271877
5 Oct 2010 16:00:09.200    -2000900.792    -4934198.302    3499815.753    0.400132    0.110978    0.868269    -0.271455
5 Oct 2010 16:00:09.267    -2000901.455    -4934197.979    3499815.830    0.400018    0.110893    0.868463    -0.271036
5 Oct 2010 16:00:09.333    -2000902.130    -4934197.653    3499815.901    0.399907    0.110805    0.868656    -0.270615
5 Oct 2010 16:00:09.400    -2000902.798    -4934197.335    3499815.968    0.399804    0.110717    0.868844    -0.270203
5 Oct 2010 16:00:09.467    -2000903.468    -4934197.020    3499816.029    0.399705    0.110627    0.869028    -0.269794
5 Oct 2010 16:00:09.533    -2000904.148    -4934196.703    3499816.086    0.399609    0.110532    0.869211    -0.269385
5 Oct 2010 16:00:09.600    -2000904.821    -4934196.394    3499816.137    0.399520    0.110439    0.869388    -0.268983
5 Oct 2010 16:00:09.667    -2000905.496    -4934196.088    3499816.184    0.399434    0.110342    0.869562    -0.268587
5 Oct 2010 16:00:09.733    -2000906.181    -4934195.778    3499816.226    0.399354    0.110242    0.869735    -0.268187
5 Oct 2010 16:00:09.800    -2000906.859    -4934195.478    3499816.262    0.399279    0.110142    0.869902    -0.267798
5 Oct 2010 16:00:09.867    -2000907.538    -4934195.180    3499816.294    0.399209    0.110040    0.870065    -0.267413
5 Oct 2010 16:00:09.933    -2000908.228    -4934194.881    3499816.320    0.399145    0.109933    0.870227    -0.267027
5 Oct 2010 16:00:10.000    -2000908.911    -4934194.589    3499816.342    0.399085    0.109828    0.870383    -0.266649
5 Oct 2010 16:00:10.067    -2000909.595    -4934194.300    3499816.359    0.399031    0.109719    0.870536    -0.266276
5 Oct 2010 16:00:10.133    -2000910.289    -4934194.010    3499816.370    0.398981    0.109607    0.870688    -0.265901
5 Oct 2010 16:00:10.200    -2000910.976    -4934193.727    3499816.377    0.398937    0.109495    0.870833    -0.265536
5 Oct 2010 16:00:10.267    -2000911.664    -4934193.447    3499816.378    0.398899    0.109380    0.870975    -0.265175
5 Oct 2010 16:00:10.333    -2000912.362    -4934193.166    3499816.375    0.398865    0.109262    0.871116    -0.264813
5 Oct 2010 16:00:10.400    -2000913.052    -4934192.892    3499816.366    0.398837    0.109143    0.871251    -0.264461
5 Oct 2010 16:00:10.467    -2000913.743    -4934192.621    3499816.353    0.398814    0.109024    0.871382    -0.264112
5 Oct 2010 16:00:10.533    -2000914.445    -4934192.350    3499816.334    0.398797    0.108899    0.871510    -0.263764
5 Oct 2010 16:00:10.600    -2000915.138    -4934192.086    3499816.311    0.398785    0.108775    0.871634    -0.263425
5 Oct 2010 16:00:10.667    -2000915.833    -4934191.824    3499816.282    0.398779    0.108648    0.871754    -0.263090
5 Oct 2010 16:00:10.733    -2000916.539    -4934191.563    3499816.249    0.398778    0.108518    0.871872    -0.262754
5 Oct 2010 16:00:10.800    -2000917.234    -4934191.308    3499816.210    0.398783    0.108387    0.871984    -0.262428
5 Oct 2010 16:00:10.867    -2000917.931    -4934191.056    3499816.167    0.398793    0.108255    0.872092    -0.262107
5 Oct 2010 16:00:10.933    -2000918.640    -4934190.804    3499816.118    0.398810    0.108119    0.872198    -0.261785
5 Oct 2010 16:00:11.000    -2000919.338    -4934190.558    3499816.065    0.398831    0.107982    0.872299    -0.261473
5 Oct 2010 16:00:11.067    -2000920.036    -4934190.316    3499816.006    0.398859    0.107843    0.872395    -0.261166
5 Oct 2010 16:00:11.133    -2000920.748    -4934190.074    3499815.943    0.398893    0.107701    0.872490    -0.260859
5 Oct 2010 16:00:11.200    -2000921.448    -4934189.839    3499815.874    0.398932    0.107559    0.872578    -0.260560
5 Oct 2010 16:00:11.267    -2000922.149    -4934189.606    3499815.801    0.398977    0.107414    0.872663    -0.260268
5 Oct 2010 16:00:11.333    -2000922.862    -4934189.374    3499815.722    0.399028    0.107265    0.872745    -0.259976
5 Oct 2010 16:00:11.400    -2000923.564    -4934189.149    3499815.639    0.399085    0.107116    0.872822    -0.259692
5 Oct 2010 16:00:11.467    -2000924.266    -4934188.926    3499815.551    0.399148    0.106965    0.872894    -0.259414
5 Oct 2010 16:00:11.533    -2000924.980    -4934188.704    3499815.457    0.399218    0.106811    0.872963    -0.259137
5 Oct 2010 16:00:11.600    -2000925.683    -4934188.489    3499815.359    0.399293    0.106656    0.873027    -0.258870
5 Oct 2010 16:00:11.667    -2000926.387    -4934188.277    3499815.257    0.399373    0.106500    0.873087    -0.258606
5 Oct 2010 16:00:11.733    -2000927.102    -4934188.065    3499815.147    0.399462    0.106338    0.873144    -0.258344
5 Oct 2010 16:00:11.800    -2000927.806    -4934187.860    3499815.035    0.399555    0.106178    0.873196    -0.258092
5 Oct 2010 16:00:11.867    -2000928.510    -4934187.658    3499814.918    0.399654    0.106015    0.873243    -0.257845
5 Oct 2010 16:00:11.933    -2000929.226    -4934187.456    3499814.793    0.399761    0.105848    0.873286    -0.257600
5 Oct 2010 16:00:12.000    -2000929.931    -4934187.261    3499814.666    0.399873    0.105681    0.873325    -0.257363
5 Oct 2010 16:00:12.067    -2000930.635    -4934187.070    3499814.534    0.399992    0.105513    0.873359    -0.257133
5 Oct 2010 16:00:12.133    -2000931.351    -4934186.879    3499814.395    0.400118    0.105340    0.873390    -0.256903
5 Oct 2010 16:00:12.200    -2000932.056    -4934186.694    3499814.253    0.400249    0.105167    0.873415    -0.256684
5 Oct 2010 16:00:12.267    -2000932.760    -4934186.513    3499814.107    0.400387    0.104993    0.873436    -0.256469
5 Oct 2010 16:00:12.333    -2000933.476    -4934186.333    3499813.952    0.400532    0.104814    0.873453    -0.256258
5 Oct 2010 16:00:12.400    -2000934.180    -4934186.159    3499813.796    0.400683    0.104636    0.873465    -0.256055
5 Oct 2010 16:00:12.467    -2000934.884    -4934185.989    3499813.635    0.400840    0.104455    0.873472    -0.255858
5 Oct 2010 16:00:12.533    -2000935.599    -4934185.819    3499813.467    0.401006    0.104270    0.873475    -0.255663
5 Oct 2010 16:00:12.600    -2000936.302    -4934185.656    3499813.296    0.401176    0.104085    0.873473    -0.255478
5 Oct 2010 16:00:12.667    -2000937.005    -4934185.496    3499813.121    0.401353    0.103899    0.873467    -0.255298
5 Oct 2010 16:00:12.733    -2000937.719    -4934185.337    3499812.938    0.401539    0.103708    0.873455    -0.255121
5 Oct 2010 16:00:12.800    -2000938.421    -4934185.185    3499812.753    0.401729    0.103518    0.873439    -0.254953
5 Oct 2010 16:00:12.867    -2000939.122    -4934185.036    3499812.563    0.401927    0.103326    0.873418    -0.254791
5 Oct 2010 16:00:12.933    -2000939.835    -4934184.887    3499812.365    0.402134    0.103129    0.873393    -0.254633
5 Oct 2010 16:00:13.000    -2000940.536    -4934184.746    3499812.166    0.402345    0.102934    0.873362    -0.254484
5 Oct 2010 16:00:13.067    -2000941.235    -4934184.608    3499811.962    0.402563    0.102736    0.873327    -0.254340
5 Oct 2010 16:00:13.133    -2000941.946    -4934184.471    3499811.750    0.402790    0.102533    0.873286    -0.254201
5 Oct 2010 16:00:13.200    -2000942.644    -4934184.340    3499811.537    0.403022    0.102332    0.873241    -0.254070
5 Oct 2010 16:00:13.267    -2000943.342    -4934184.213    3499811.319    0.403260    0.102128    0.873191    -0.253945
5 Oct 2010 16:00:13.333    -2000944.050    -4934184.087    3499811.093    0.403510    0.101920    0.873135    -0.253825
5 Oct 2010 16:00:13.400    -2000944.746    -4934183.967    3499810.865    0.403763    0.101712    0.873075    -0.253714
5 Oct 2010 16:00:13.467    -2000945.442    -4934183.851    3499810.633    0.404023    0.101503    0.873010    -0.253608
5 Oct 2010 16:00:13.533    -2000946.147    -4934183.736    3499810.393    0.404293    0.101290    0.872938    -0.253508
5 Oct 2010 16:00:13.600    -2000946.840    -4934183.627    3499810.152    0.404568    0.101077    0.872862    -0.253416
5 Oct 2010 16:00:13.667    -2000947.533    -4934183.523    3499809.906    0.404850    0.100863    0.872781    -0.253331
5 Oct 2010 16:00:13.733    -2000948.233    -4934183.419    3499809.652    0.405143    0.100644    0.872694    -0.253250
5 Oct 2010 16:00:13.800    -2000948.924    -4934183.321    3499809.397    0.405439    0.100425    0.872602    -0.253178
5 Oct 2010 16:00:13.867    -2000949.613    -4934183.227    3499809.137    0.405743    0.100206    0.872505    -0.253113
5 Oct 2010 16:00:13.933    -2000950.311    -4934183.136    3499808.870    0.406058    0.099981    0.872402    -0.253054
5 Oct 2010 16:00:14.000    -2000950.997    -4934183.049    3499808.601    0.406376    0.099758    0.872294    -0.253003
5 Oct 2010 16:00:14.067    -2000951.683    -4934182.965    3499808.328    0.406702    0.099533    0.872181    -0.252957
5 Oct 2010 16:00:14.133    -2000952.376    -4934182.886    3499808.047    0.407040    0.099303    0.872060    -0.252919
5 Oct 2010 16:00:14.200    -2000953.059    -4934182.810    3499807.765    0.407381    0.099075    0.871936    -0.252888
5 Oct 2010 16:00:14.267    -2000953.741    -4934182.738    3499807.478    0.407729    0.098845    0.871806    -0.252865
5 Oct 2010 16:00:14.333    -2000954.430    -4934182.669    3499807.184    0.408089    0.098610    0.871669    -0.252848
5 Oct 2010 16:00:14.400    -2000955.108    -4934182.605    3499806.889    0.408452    0.098376    0.871528    -0.252839
5 Oct 2010 16:00:14.467    -2000955.785    -4934182.544    3499806.590    0.408824    0.098141    0.871381    -0.252837
5 Oct 2010 16:00:14.533    -2000956.469    -4934182.487    3499806.280    0.409208    0.097901    0.871226    -0.252842
5 Oct 2010 16:00:14.600    -2000957.142    -4934182.434    3499805.973    0.409595    0.097663    0.871067    -0.252855
5 Oct 2010 16:00:14.667    -2000957.814    -4934182.384    3499805.660    0.409988    0.097424    0.870903    -0.252875
5 Oct 2010 16:00:14.733    -2000958.493    -4934182.339    3499805.338    0.410396    0.097179    0.870730    -0.252903
5 Oct 2010 16:00:14.800    -2000959.162    -4934182.297    3499805.017    0.410806    0.096937    0.870554    -0.252937
5 Oct 2010 16:00:14.867    -2000959.828    -4934182.259    3499804.693    0.411223    0.096692    0.870372    -0.252979
5 Oct 2010 16:00:14.933    -2000960.501    -4934182.225    3499804.357    0.411655    0.096443    0.870181    -0.253030
5 Oct 2010 16:00:15.000    -2000961.164    -4934182.194    3499804.024    0.412088    0.096196    0.869987    -0.253087
5 Oct 2010 16:00:15.067    -2000961.825    -4934182.167    3499803.686    0.412529    0.095948    0.869786    -0.253152
5 Oct 2010 16:00:15.133    -2000962.492    -4934182.145    3499803.339    0.412984    0.095694    0.869577    -0.253226
5 Oct 2010 16:00:15.200    -2000963.149    -4934182.126    3499802.993    0.413441    0.095442    0.869364    -0.253307
5 Oct 2010 16:00:15.267    -2000963.803    -4934182.110    3499802.643    0.413906    0.095190    0.869144    -0.253394
5 Oct 2010 16:00:15.333    -2000964.464    -4934182.099    3499802.282    0.414386    0.094933    0.868915    -0.253492
5 Oct 2010 16:00:15.400    -2000965.114    -4934182.092    3499801.924    0.414867    0.094677    0.868684    -0.253595
5 Oct 2010 16:00:15.467    -2000965.762    -4934182.088    3499801.562    0.415355    0.094421    0.868445    -0.253707
5 Oct 2010 16:00:15.533    -2000966.417    -4934182.088    3499801.189    0.415859    0.094160    0.868197    -0.253829
5 Oct 2010 16:00:15.600    -2000967.060    -4934182.092    3499800.819    0.416364    0.093901    0.867946    -0.253956
5 Oct 2010 16:00:15.667    -2000967.701    -4934182.099    3499800.444    0.416877    0.093641    0.867688    -0.254091
5 Oct 2010 16:00:15.733    -2000968.349    -4934182.111    3499800.060    0.417406    0.093377    0.867420    -0.254237
5 Oct 2010 16:00:15.800    -2000968.985    -4934182.126    3499799.677    0.417935    0.093115    0.867149    -0.254388
5 Oct 2010 16:00:15.867    -2000969.618    -4934182.145    3499799.291    0.418472    0.092852    0.866871    -0.254548
5 Oct 2010 16:00:15.933    -2000970.258    -4934182.168    3499798.895    0.419026    0.092584    0.866582    -0.254718
5 Oct 2010 16:00:16.000    -2000970.887    -4934182.195    3499798.501    0.419579    0.092319    0.866291    -0.254894
5 Oct 2010 16:00:16.067    -2000971.513    -4934182.226    3499798.103    0.420141    0.092053    0.865992    -0.255078
5 Oct 2010 16:00:16.133    -2000972.145    -4934182.260    3499797.695    0.420720    0.091783    0.865682    -0.255274
5 Oct 2010 16:00:16.200    -2000972.765    -4934182.298    3499797.289    0.421298    0.091514    0.865371    -0.255474
5 Oct 2010 16:00:16.267    -2000973.383    -4934182.340    3499796.880    0.421884    0.091246    0.865052    -0.255683
5 Oct 2010 16:00:16.333    -2000974.007    -4934182.386    3499796.461    0.422487    0.090973    0.864721    -0.255903
5 Oct 2010 16:00:16.400    -2000974.620    -4934182.435    3499796.044    0.423090    0.090703    0.864387    -0.256128
5 Oct 2010 16:00:16.467    -2000975.229    -4934182.489    3499795.624    0.423701    0.090433    0.864047    -0.256362
5 Oct 2010 16:00:16.533    -2000975.845    -4934182.546    3499795.193    0.424329    0.090158    0.863695    -0.256608
5 Oct 2010 16:00:16.600    -2000976.448    -4934182.607    3499794.766    0.424957    0.089886    0.863340    -0.256859
5 Oct 2010 16:00:16.667    -2000977.049    -4934182.671    3499794.334    0.425592    0.089614    0.862978    -0.257118
5 Oct 2010 16:00:16.733    -2000977.655    -4934182.740    3499793.893    0.426247    0.089337    0.862603    -0.257389
5 Oct 2010 16:00:16.800    -2000978.250    -4934182.812    3499793.455    0.426898    0.089064    0.862226    -0.257665
5 Oct 2010 16:00:16.867    -2000978.842    -4934182.888    3499793.013    0.427559    0.088790    0.861842    -0.257950
5 Oct 2010 16:00:16.933    -2000979.439    -4934182.968    3499792.561    0.428237    0.088511    0.861445    -0.258247
5 Oct 2010 16:00:17.000    -2000980.024    -4934183.051    3499792.112    0.428914    0.088237    0.861046    -0.258548
5 Oct 2010 16:00:17.067    -2000980.606    -4934183.139    3499791.660    0.429599    0.087963    0.860639    -0.258858
5 Oct 2010 16:00:17.133    -2000981.194    -4934183.230    3499791.198    0.430303    0.087683    0.860219    -0.259182
5 Oct 2010 16:00:17.200    -2000981.769    -4934183.324    3499790.738    0.431004    0.087408    0.859797    -0.259508
5 Oct 2010 16:00:17.267    -2000982.342    -4934183.422    3499790.276    0.431714    0.087134    0.859368    -0.259843
5 Oct 2010 16:00:17.333    -2000982.919    -4934183.526    3499789.804    0.432443    0.086855    0.858923    -0.260193
5 Oct 2010 16:00:17.400    -2000983.485    -4934183.631    3499789.335    0.433168    0.086580    0.858478    -0.260546
5 Oct 2010 16:00:17.467    -2000984.047    -4934183.740    3499788.862    0.433903    0.086304    0.858026    -0.260907
5 Oct 2010 16:00:17.533    -2000984.615    -4934183.855    3499788.381    0.434656    0.086026    0.857558    -0.261282
5 Oct 2010 16:00:17.600    -2000985.170    -4934183.971    3499787.902    0.435407    0.085751    0.857089    -0.261660
5 Oct 2010 16:00:17.667    -2000985.721    -4934184.091    3499787.420    0.436165    0.085476    0.856613    -0.262048
5 Oct 2010 16:00:17.733    -2000986.278    -4934184.217    3499786.928    0.436943    0.085199    0.856121    -0.262448
5 Oct 2010 16:00:17.800    -2000986.823    -4934184.344    3499786.440    0.437718    0.084925    0.855628    -0.262852
5 Oct 2010 16:00:17.867    -2000987.363    -4934184.475    3499785.949    0.438500    0.084651    0.855128    -0.263265
5 Oct 2010 16:00:17.933    -2000987.909    -4934184.612    3499785.448    0.439303    0.084374    0.854611    -0.263692
5 Oct 2010 16:00:18.000    -2000988.443    -4934184.751    3499784.951    0.440102    0.084102    0.854094    -0.264122
5 Oct 2010 16:00:18.067    -2000988.972    -4934184.892    3499784.452    0.440908    0.083830    0.853569    -0.264560
5 Oct 2010 16:00:18.133    -2000989.507    -4934185.041    3499783.940    0.441735    0.083556    0.853028    -0.265014
5 Oct 2010 16:00:18.200    -2000990.029    -4934185.190    3499783.435    0.442558    0.083285    0.852486    -0.265468
5 Oct 2010 16:00:18.267    -2000990.547    -4934185.342    3499782.927    0.443388    0.083016    0.851936    -0.265932
5 Oct 2010 16:00:18.333    -2000991.071    -4934185.501    3499782.407    0.444239    0.082744    0.851370    -0.266411
5 Oct 2010 16:00:18.400    -2000991.581    -4934185.661    3499781.893    0.445085    0.082476    0.850803    -0.266892
5 Oct 2010 16:00:18.467    -2000992.088    -4934185.824    3499781.377    0.445938    0.082210    0.850228    -0.267381
5 Oct 2010 16:00:18.533    -2000992.599    -4934185.994    3499780.849    0.446813    0.081940    0.849636    -0.267885
5 Oct 2010 16:00:18.600    -2000993.097    -4934186.165    3499780.327    0.447681    0.081676    0.849045    -0.268390
5 Oct 2010 16:00:18.667    -2000993.593    -4934186.339    3499779.802    0.448558    0.081413    0.848445    -0.268904
5 Oct 2010 16:00:18.733    -2000994.090    -4934186.519    3499779.266    0.449456    0.081148    0.847827    -0.269434
5 Oct 2010 16:00:18.800    -2000994.577    -4934186.701    3499778.736    0.450347    0.080887    0.847210    -0.269964
5 Oct 2010 16:00:18.867    -2000995.060    -4934186.885    3499778.204    0.451246    0.080628    0.846584    -0.270502
5 Oct 2010 16:00:18.933    -2000995.545    -4934187.076    3499777.660    0.452166    0.080366    0.845940    -0.271057
5 Oct 2010 16:00:19.000    -2000996.020    -4934187.268    3499777.122    0.453080    0.080111    0.845297    -0.271612
5 Oct 2010 16:00:19.067    -2000996.490    -4934187.463    3499776.582    0.454001    0.079857    0.844646    -0.272174
5 Oct 2010 16:00:19.133    -2000996.963    -4934187.664    3499776.031    0.454943    0.079601    0.843977    -0.272752
5 Oct 2010 16:00:19.200    -2000997.424    -4934187.866    3499775.486    0.455879    0.079350    0.843308    -0.273331
5 Oct 2010 16:00:19.267    -2000997.882    -4934188.072    3499774.939    0.456822    0.079101    0.842631    -0.273917
5 Oct 2010 16:00:19.333    -2000998.341    -4934188.284    3499774.381    0.457785    0.078850    0.841935    -0.274520
5 Oct 2010 16:00:19.400    -2000998.790    -4934188.496    3499773.829    0.458742    0.078606    0.841240    -0.275122
5 Oct 2010 16:00:19.467    -2000999.234    -4934188.712    3499773.275    0.459705    0.078363    0.840537    -0.275731
5 Oct 2010 16:00:19.533    -2000999.680    -4934188.934    3499772.710    0.460691    0.078119    0.839814    -0.276357
5 Oct 2010 16:00:19.600    -2001000.116    -4934189.156    3499772.152    0.461668    0.077880    0.839094    -0.276982
5 Oct 2010 16:00:19.667    -2001000.547    -4934189.382    3499771.591    0.462651    0.077644    0.838365    -0.277614
5 Oct 2010 16:00:19.733    -2001000.979    -4934189.614    3499771.019    0.463656    0.077407    0.837616    -0.278263
5 Oct 2010 16:00:19.800    -2001001.401    -4934189.846    3499770.455    0.464653    0.077176    0.836869    -0.278910
5 Oct 2010 16:00:19.867    -2001001.818    -4934190.082    3499769.888    0.465656    0.076947    0.836115    -0.279564
5 Oct 2010 16:00:19.933    -2001002.237    -4934190.324    3499769.310    0.466681    0.076718    0.835340    -0.280234
5 Oct 2010 16:00:20.000    -2001002.645    -4934190.567    3499768.740    0.467697    0.076494    0.834567    -0.280902
5 Oct 2010 16:00:20.067    -2001003.049    -4934190.812    3499768.167    0.468718    0.076273    0.833786    -0.281578
5 Oct 2010 16:00:20.133    -2001003.453    -4934191.064    3499767.584    0.469762    0.076053    0.832985    -0.282269
5 Oct 2010 16:00:20.200    -2001003.847    -4934191.316    3499767.008    0.470796    0.075837    0.832187    -0.282959
5 Oct 2010 16:00:20.267    -2001004.236    -4934191.571    3499766.429    0.471836    0.075625    0.831380    -0.283654
5 Oct 2010 16:00:20.333    -2001004.627    -4934191.833    3499765.841    0.472896    0.075413    0.830553    -0.284366
5 Oct 2010 16:00:20.400    -2001005.007    -4934192.094    3499765.259    0.473948    0.075206    0.829729    -0.285074
5 Oct 2010 16:00:20.467    -2001005.381    -4934192.359    3499764.676    0.474587    0.075205    0.829191    -0.285577
5 Oct 2010 16:00:20.533    -2001005.757    -4934192.630    3499764.082    0.474802    0.075417    0.828947    -0.285871
5 Oct 2010 16:00:20.600    -2001006.123    -4934192.901    3499763.495    0.475018    0.075627    0.828703    -0.286166
5 Oct 2010 16:00:20.667    -2001006.483    -4934193.175    3499762.907    0.475238    0.075838    0.828454    -0.286465
5 Oct 2010 16:00:20.733    -2001006.844    -4934193.456    3499762.308    0.475467    0.076052    0.828195    -0.286775
5 Oct 2010 16:00:20.800    -2001007.194    -4934193.736    3499761.717    0.475699    0.076264    0.827935    -0.287085
5 Oct 2010 16:00:20.867    -2001007.540    -4934194.020    3499761.124    0.475935    0.076476    0.827671    -0.287400
5 Oct 2010 16:00:20.933    -2001007.886    -4934194.309    3499760.521    0.476180    0.076692    0.827397    -0.287726
5 Oct 2010 16:00:21.000    -2001008.222    -4934194.599    3499759.926    0.476426    0.076906    0.827122    -0.288051
5 Oct 2010 16:00:21.067    -2001008.552    -4934194.891    3499759.329    0.476677    0.077121    0.826842    -0.288383
5 Oct 2010 16:00:21.133    -2001008.884    -4934195.189    3499758.722    0.476936    0.077340    0.826553    -0.288723
5 Oct 2010 16:00:21.200    -2001009.204    -4934195.488    3499758.123    0.477197    0.077556    0.826263    -0.289064
5 Oct 2010 16:00:21.267    -2001009.519    -4934195.788    3499757.522    0.477462    0.077773    0.825968    -0.289409
5 Oct 2010 16:00:21.333    -2001009.835    -4934196.098    3499756.911    0.477736    0.077994    0.825664    -0.289766
5 Oct 2010 16:00:21.400    -2001010.140    -4934196.404    3499756.308    0.478010    0.078213    0.825360    -0.290120
5 Oct 2010 16:00:21.467    -2001010.441    -4934196.713    3499755.704    0.478288    0.078433    0.825051    -0.290481
5 Oct 2010 16:00:21.533    -2001010.739    -4934197.031    3499755.090    0.478575    0.078658    0.824733    -0.290851
5 Oct 2010 16:00:21.600    -2001011.030    -4934197.346    3499754.484    0.478862    0.078879    0.824415    -0.291220
5 Oct 2010 16:00:21.667    -2001011.315    -4934197.663    3499753.877    0.479153    0.079102    0.824092    -0.291593
5 Oct 2010 16:00:21.733    -2001011.598    -4934197.990    3499753.259    0.479452    0.079329    0.823761    -0.291978
5 Oct 2010 16:00:21.800    -2001011.873    -4934198.313    3499752.650    0.479752    0.079554    0.823429    -0.292360
5 Oct 2010 16:00:21.867    -2001012.142    -4934198.639    3499752.040    0.480053    0.079780    0.823093    -0.292748
5 Oct 2010 16:00:21.933    -2001012.410    -4934198.974    3499751.421    0.480365    0.080011    0.822748    -0.293144
5 Oct 2010 16:00:22.000    -2001012.669    -4934199.305    3499750.809    0.480675    0.080239    0.822404    -0.293540
5 Oct 2010 16:00:22.067    -2001012.922    -4934199.639    3499750.197    0.480988    0.080469    0.822055    -0.293940
5 Oct 2010 16:00:22.133    -2001013.173    -4934199.982    3499749.575    0.481311    0.080703    0.821696    -0.294350
5 Oct 2010 16:00:22.200    -2001013.416    -4934200.321    3499748.961    0.481631    0.080935    0.821340    -0.294757
5 Oct 2010 16:00:22.267    -2001013.654    -4934200.663    3499748.347    0.481955    0.081168    0.820979    -0.295169
5 Oct 2010 16:00:22.333    -2001013.889    -4934201.014    3499747.723    0.482287    0.081406    0.820609    -0.295591
5 Oct 2010 16:00:22.400    -2001014.116    -4934201.361    3499747.107    0.482617    0.081643    0.820240    -0.296010
5 Oct 2010 16:00:22.467    -2001014.337    -4934201.711    3499746.491    0.482950    0.081880    0.819867    -0.296433
5 Oct 2010 16:00:22.533    -2001014.556    -4934202.070    3499745.866    0.483291    0.082121    0.819485    -0.296867
5 Oct 2010 16:00:22.600    -2001014.767    -4934202.424    3499745.249    0.483631    0.082362    0.819105    -0.297297
5 Oct 2010 16:00:22.667    -2001014.972    -4934202.782    3499744.632    0.483972    0.082602    0.818721    -0.297731
5 Oct 2010 16:00:22.733    -2001015.174    -4934203.148    3499744.005    0.484322    0.082849    0.818328    -0.298174
5 Oct 2010 16:00:22.800    -2001015.368    -4934203.510    3499743.387    0.484668    0.083093    0.817937    -0.298615
5 Oct 2010 16:00:22.867    -2001015.557    -4934203.875    3499742.769    0.485018    0.083338    0.817542    -0.299059
5 Oct 2010 16:00:22.933    -2001015.743    -4934204.248    3499742.141    0.485375    0.083588    0.817138    -0.299514
5 Oct 2010 16:00:23.000    -2001015.921    -4934204.617    3499741.522    0.485730    0.083836    0.816737    -0.299964
5 Oct 2010 16:00:23.067    -2001016.093    -4934204.989    3499740.904    0.486087    0.084086    0.816333    -0.300416
5 Oct 2010 16:00:23.133    -2001016.262    -4934205.369    3499740.276    0.486451    0.084341    0.815919    -0.300880
5 Oct 2010 16:00:23.200    -2001016.423    -4934205.746    3499739.657    0.486812    0.084594    0.815508    -0.301339
5 Oct 2010 16:00:23.267    -2001016.578    -4934206.125    3499739.037    0.487174    0.084848    0.815094    -0.301801
5 Oct 2010 16:00:23.333    -2001016.731    -4934206.512    3499738.409    0.487545    0.085107    0.814670    -0.302273
5 Oct 2010 16:00:23.400    -2001016.876    -4934206.895    3499737.790    0.487911    0.085364    0.814250    -0.302741
5 Oct 2010 16:00:23.467    -2001017.014    -4934207.280    3499737.171    0.488280    0.085622    0.813828    -0.303210
5 Oct 2010 16:00:23.533    -2001017.150    -4934207.674    3499736.544    0.488655    0.085886    0.813395    -0.303691
5 Oct 2010 16:00:23.600    -2001017.278    -4934208.064    3499735.925    0.489026    0.086148    0.812967    -0.304165
5 Oct 2010 16:00:23.667    -2001017.400    -4934208.456    3499735.307    0.489400    0.086411    0.812536    -0.304642
5 Oct 2010 16:00:23.733    -2001017.519    -4934208.856    3499734.679    0.489779    0.086680    0.812095    -0.305130
5 Oct 2010 16:00:23.800    -2001017.629    -4934209.252    3499734.062    0.490155    0.086946    0.811659    -0.305611
5 Oct 2010 16:00:23.867    -2001017.734    -4934209.650    3499733.444    0.490532    0.087214    0.811220    -0.306095
5 Oct 2010 16:00:23.933    -2001017.836    -4934210.056    3499732.818    0.490915    0.087487    0.810772    -0.306588
5 Oct 2010 16:00:24.000    -2001017.930    -4934210.458    3499732.201    0.491294    0.087758    0.810328    -0.307077
5 Oct 2010 16:00:24.067    -2001018.019    -4934210.862    3499731.585    0.491675    0.088031    0.809882    -0.307567
5 Oct 2010 16:00:24.133    -2001018.103    -4934211.274    3499730.960    0.492061    0.088308    0.809427    -0.308066
5 Oct 2010 16:00:24.200    -2001018.180    -4934211.682    3499730.345    0.492443    0.088584    0.808977    -0.308560
5 Oct 2010 16:00:24.267    -2001018.252    -4934212.092    3499729.730    0.492825    0.088861    0.808525    -0.309055
5 Oct 2010 16:00:24.333    -2001018.319    -4934212.510    3499729.107    0.493215    0.089144    0.808063    -0.309559
5 Oct 2010 16:00:24.400    -2001018.379    -4934212.924    3499728.493    0.493598    0.089424    0.807607    -0.310058
5 Oct 2010 16:00:24.467    -2001018.434    -4934213.339    3499727.881    0.493982    0.089706    0.807149    -0.310557
5 Oct 2010 16:00:24.533    -2001018.484    -4934213.762    3499727.260    0.494372    0.089993    0.806682    -0.311066
5 Oct 2010 16:00:24.600    -2001018.527    -4934214.181    3499726.648    0.494757    0.090278    0.806220    -0.311568
5 Oct 2010 16:00:24.667    -2001018.565    -4934214.602    3499726.038    0.495143    0.090563    0.805756    -0.312072
5 Oct 2010 16:00:24.733    -2001018.597    -4934215.030    3499725.419    0.495534    0.090856    0.805284    -0.312584
5 Oct 2010 16:00:24.800    -2001018.624    -4934215.454    3499724.811    0.495919    0.091145    0.804818    -0.313090
5 Oct 2010 16:00:24.867    -2001018.644    -4934215.880    3499724.203    0.496304    0.091437    0.804350    -0.313597
5 Oct 2010 16:00:24.933    -2001018.659    -4934216.313    3499723.587    0.496696    0.091732    0.803873    -0.314112
5 Oct 2010 16:00:25.000    -2001018.669    -4934216.742    3499722.981    0.497081    0.092026    0.803402    -0.314621
5 Oct 2010 16:00:25.067    -2001018.672    -4934217.173    3499722.376    0.497466    0.092322    0.802931    -0.315130
5 Oct 2010 16:00:25.133    -2001018.670    -4934217.611    3499721.764    0.497856    0.092623    0.802451    -0.315647
5 Oct 2010 16:00:25.200    -2001018.663    -4934218.044    3499721.161    0.498240    0.092921    0.801977    -0.316157
5 Oct 2010 16:00:25.267    -2001018.649    -4934218.479    3499720.560    0.498624    0.093221    0.801501    -0.316669
5 Oct 2010 16:00:25.333    -2001018.630    -4934218.922    3499719.951    0.499014    0.093526    0.801018    -0.317188
5 Oct 2010 16:00:25.400    -2001018.605    -4934219.359    3499719.352    0.499397    0.093829    0.800541    -0.317700
5 Oct 2010 16:00:25.467    -2001018.575    -4934219.799    3499718.754    0.499778    0.094133    0.800064    -0.318212
5 Oct 2010 16:00:25.533    -2001018.538    -4934220.245    3499718.149    0.500166    0.094442    0.799578    -0.318732
5 Oct 2010 16:00:25.600    -2001018.496    -4934220.687    3499717.554    0.500547    0.094749    0.799099    -0.319245
5 Oct 2010 16:00:25.667    -2001018.449    -4934221.131    3499716.960    0.500927    0.095058    0.798619    -0.319757
5 Oct 2010 16:00:25.733    -2001018.395    -4934221.581    3499716.359    0.501312    0.095371    0.798131    -0.320277
5 Oct 2010 16:00:25.800    -2001018.336    -4934222.027    3499715.769    0.501689    0.095681    0.797650    -0.320790
5 Oct 2010 16:00:25.867    -2001018.271    -4934222.474    3499715.180    0.502067    0.095994    0.797169    -0.321303
5 Oct 2010 16:00:25.933    -2001018.201    -4934222.928    3499714.583    0.502447    0.096312    0.796681    -0.321823
5 Oct 2010 16:00:26.000    -2001018.125    -4934223.378    3499713.997    0.502822    0.096626    0.796199    -0.322335
5 Oct 2010 16:00:26.067    -2001018.043    -4934223.828    3499713.413    0.503196    0.096942    0.795718    -0.322846
5 Oct 2010 16:00:26.133    -2001017.956    -4934224.286    3499712.821    0.503574    0.097264    0.795228    -0.323365
5 Oct 2010 16:00:26.200    -2001017.863    -4934224.739    3499712.240    0.503944    0.097582    0.794747    -0.323876
5 Oct 2010 16:00:26.267    -2001017.765    -4934225.192    3499711.661    0.504313    0.097902    0.794265    -0.324386
5 Oct 2010 16:00:26.333    -2001017.659    -4934225.653    3499711.075    0.504687    0.098227    0.793776    -0.324904
5 Oct 2010 16:00:26.400    -2001017.550    -4934226.109    3499710.499    0.505052    0.098549    0.793295    -0.325413
5 Oct 2010 16:00:26.467    -2001017.435    -4934226.566    3499709.925    0.505417    0.098872    0.792813    -0.325921
5 Oct 2010 16:00:26.533    -2001017.312    -4934227.029    3499709.344    0.505786    0.099201    0.792325    -0.326436
5 Oct 2010 16:00:26.600    -2001017.186    -4934227.488    3499708.775    0.506147    0.099527    0.791845    -0.326943
5 Oct 2010 16:00:26.667    -2001017.054    -4934227.947    3499708.207    0.506506    0.099852    0.791364    -0.327449
5 Oct 2010 16:00:26.733    -2001016.914    -4934228.413    3499707.632    0.506869    0.100185    0.790878    -0.327961
5 Oct 2010 16:00:26.800    -2001016.771    -4934228.874    3499707.068    0.507226    0.100513    0.790399    -0.328465
5 Oct 2010 16:00:26.867    -2001016.623    -4934229.336    3499706.506    0.507579    0.100842    0.789921    -0.328968
5 Oct 2010 16:00:26.933    -2001016.466    -4934229.805    3499705.937    0.507936    0.101178    0.789436    -0.329478
5 Oct 2010 16:00:27.000    -2001016.307    -4934230.268    3499705.380    0.508285    0.101509    0.788959    -0.329978
5 Oct 2010 16:00:27.067    -2001016.142    -4934230.732    3499704.825    0.508633    0.101842    0.788483    -0.330477
5 Oct 2010 16:00:27.133    -2001015.968    -4934231.203    3499704.262    0.508984    0.102180    0.788001    -0.330981
5 Oct 2010 16:00:27.200    -2001015.792    -4934231.668    3499703.712    0.509327    0.102514    0.787527    -0.331478
5 Oct 2010 16:00:27.267    -2001015.611    -4934232.134    3499703.163    0.509668    0.102848    0.787054    -0.331974
5 Oct 2010 16:00:27.333    -2001015.421    -4934232.606    3499702.608    0.510012    0.103190    0.786575    -0.332474
5 Oct 2010 16:00:27.400    -2001015.228    -4934233.073    3499702.064    0.510349    0.103526    0.786104    -0.332966
5 Oct 2010 16:00:27.467    -2001015.030    -4934233.541    3499701.523    0.510682    0.103864    0.785635    -0.333457
5 Oct 2010 16:00:27.533    -2001014.823    -4934234.015    3499700.975    0.511019    0.104207    0.785160    -0.333953
5 Oct 2010 16:00:27.600    -2001014.615    -4934234.483    3499700.438    0.511349    0.104546    0.784693    -0.334440
5 Oct 2010 16:00:27.667    -2001014.400    -4934234.952    3499699.904    0.511675    0.104885    0.784228    -0.334925
5 Oct 2010 16:00:27.733    -2001014.177    -4934235.427    3499699.364    0.512003    0.105230    0.783757    -0.335416
5 Oct 2010 16:00:27.800    -2001013.952    -4934235.897    3499698.835    0.512325    0.105572    0.783295    -0.335897
5 Oct 2010 16:00:27.867    -2001013.721    -4934236.366    3499698.309    0.512644    0.105913    0.782834    -0.336378
5 Oct 2010 16:00:27.933    -2001013.482    -4934236.843    3499697.776    0.512965    0.106260    0.782368    -0.336862
5 Oct 2010 16:00:28.000    -2001013.241    -4934237.313    3499697.255    0.513278    0.106603    0.781911    -0.337338
5 Oct 2010 16:00:28.067    -2001012.994    -4934237.784    3499696.737    0.513589    0.106946    0.781455    -0.337812
5 Oct 2010 16:00:28.133    -2001012.739    -4934238.260    3499696.213    0.513901    0.107295    0.780995    -0.338291
5 Oct 2010 16:00:28.200    -2001012.482    -4934238.731    3499695.700    0.514206    0.107639    0.780543    -0.338761
5 Oct 2010 16:00:28.267    -2001012.219    -4934239.203    3499695.190    0.514509    0.107984    0.780093    -0.339228
5 Oct 2010 16:00:28.333    -2001011.948    -4934239.680    3499694.674    0.514813    0.108334    0.779638    -0.339701
5 Oct 2010 16:00:28.400    -2001011.675    -4934240.151    3499694.170    0.515109    0.108679    0.779192    -0.340164
5 Oct 2010 16:00:28.467    -2001011.396    -4934240.622    3499693.669    0.515402    0.109026    0.778748    -0.340624
5 Oct 2010 16:00:28.533    -2001011.109    -4934241.100    3499693.162    0.515697    0.109377    0.778300    -0.341090
5 Oct 2010 16:00:28.600    -2001010.820    -4934241.571    3499692.666    0.515985    0.109724    0.777860    -0.341546
5 Oct 2010 16:00:28.667    -2001010.526    -4934242.043    3499692.173    0.516269    0.110071    0.777423    -0.342000
5 Oct 2010 16:00:28.733    -2001010.223    -4934242.520    3499691.677    0.516554    0.110424    0.776982    -0.342458
5 Oct 2010 16:00:28.800    -2001009.919    -4934242.991    3499691.190    0.516833    0.110771    0.776549    -0.342906
5 Oct 2010 16:00:28.867    -2001009.610    -4934243.462    3499690.706    0.517107    0.111119    0.776119    -0.343353
5 Oct 2010 16:00:28.933    -2001009.291    -4934243.939    3499690.219    0.517384    0.111472    0.775685    -0.343804
5 Oct 2010 16:00:29.000    -2001008.972    -4934244.409    3499689.741    0.517653    0.111820    0.775260    -0.344245
5 Oct 2010 16:00:29.067    -2001008.648    -4934244.880    3499689.267    0.517918    0.112168    0.774837    -0.344684
5 Oct 2010 16:00:29.133    -2001008.313    -4934245.356    3499688.790    0.518184    0.112522    0.774411    -0.345126
5 Oct 2010 16:00:29.200    -2001007.979    -4934245.826    3499688.322    0.518443    0.112869    0.773993    -0.345560
5 Oct 2010 16:00:29.267    -2001007.640    -4934246.295    3499687.857    0.518699    0.113218    0.773578    -0.345991
5 Oct 2010 16:00:29.333    -2001007.290    -4934246.770    3499687.390    0.518955    0.113572    0.773160    -0.346425
5 Oct 2010 16:00:29.400    -2001006.941    -4934247.239    3499686.932    0.519204    0.113920    0.772751    -0.346851
5 Oct 2010 16:00:29.467    -2001006.587    -4934247.708    3499686.477    0.519450    0.114269    0.772344    -0.347273
5 Oct 2010 16:00:29.533    -2001006.222    -4934248.181    3499686.020    0.519696    0.114622    0.771935    -0.347699
5 Oct 2010 16:00:29.600    -2001005.858    -4934248.649    3499685.572    0.519935    0.114971    0.771534    -0.348116
5 Oct 2010 16:00:29.667    -2001005.489    -4934249.116    3499685.128    0.520171    0.115319    0.771136    -0.348530
5 Oct 2010 16:00:29.733    -2001005.110    -4934249.588    3499684.681    0.520406    0.115672    0.770736    -0.348946
5 Oct 2010 16:00:29.800    -2001004.732    -4934250.054    3499684.244    0.520635    0.116020    0.770344    -0.349355
5 Oct 2010 16:00:29.867    -2001004.349    -4934250.519    3499683.811    0.520861    0.116367    0.769955    -0.349760
5 Oct 2010 16:00:29.933    -2001003.955    -4934250.990    3499683.375    0.521085    0.116720    0.769564    -0.350169
5 Oct 2010 16:00:30.000    -2001003.562    -4934251.454    3499682.948    0.521304    0.117067    0.769181    -0.350568
5 Oct 2010 16:00:30.067    -2001003.165    -4934251.917    3499682.525    0.521519    0.117413    0.768802    -0.350964
5 Oct 2010 16:00:30.133    -2001002.757    -4934252.386    3499682.100    0.521734    0.117765    0.768420    -0.351363
5 Oct 2010 16:00:30.200    -2001002.350    -4934252.848    3499681.685    0.521941    0.118112    0.768047    -0.351754
5 Oct 2010 16:00:30.267    -2001001.938    -4934253.309    3499681.273    0.522146    0.118458    0.767677    -0.352141
5 Oct 2010 16:00:30.333    -2001001.516    -4934253.775    3499680.859    0.522349    0.118808    0.767305    -0.352531
5 Oct 2010 16:00:30.400    -2001001.096    -4934254.234    3499680.455    0.522547    0.119154    0.766942    -0.352913
5 Oct 2010 16:00:30.467    -2001000.671    -4934254.693    3499680.055    0.522435    0.119447    0.766804    -0.353279
5 Oct 2010 16:00:30.533    -2001000.235    -4934255.156    3499679.652    0.521995    0.119690    0.766900    -0.353638
5 Oct 2010 16:00:30.600    -2000999.801    -4934255.613    3499679.260    0.521556    0.119930    0.766999    -0.353989
5 Oct 2010 16:00:30.667    -2000999.362    -4934256.069    3499678.871    0.521114    0.120168    0.767101    -0.354338
5 Oct 2010 16:00:30.733    -2000998.913    -4934256.529    3499678.480    0.520660    0.120410    0.767209    -0.354689
5 Oct 2010 16:00:30.800    -2000998.465    -4934256.983    3499678.099    0.520209    0.120648    0.767320    -0.355031
5 Oct 2010 16:00:30.867    -2000998.013    -4934257.436    3499677.722    0.519753    0.120886    0.767433    -0.355372
5 Oct 2010 16:00:30.933    -2000997.551    -4934257.893    3499677.343    0.519286    0.121128    0.767552    -0.355715
5 Oct 2010 16:00:31.000    -2000997.090    -4934258.344    3499676.975    0.518822    0.121364    0.767674    -0.356050
5 Oct 2010 16:00:31.067    -2000996.625    -4934258.793    3499676.610    0.518353    0.121601    0.767799    -0.356382
5 Oct 2010 16:00:31.133    -2000996.150    -4934259.247    3499676.243    0.517872    0.121842    0.767930    -0.356716
5 Oct 2010 16:00:31.200    -2000995.676    -4934259.694    3499675.886    0.517394    0.122078    0.768063    -0.357043
5 Oct 2010 16:00:31.267    -2000995.199    -4934260.140    3499675.533    0.516911    0.122315    0.768200    -0.357366
5 Oct 2010 16:00:31.333    -2000994.711    -4934260.591    3499675.179    0.516416    0.122554    0.768343    -0.357692
5 Oct 2010 16:00:31.400    -2000994.225    -4934261.034    3499674.835    0.515923    0.122789    0.768489    -0.358009
5 Oct 2010 16:00:31.467    -2000993.735    -4934261.476    3499674.494    0.515426    0.123025    0.768638    -0.358324
5 Oct 2010 16:00:31.533    -2000993.233    -4934261.922    3499674.152    0.514916    0.123263    0.768794    -0.358640
5 Oct 2010 16:00:31.600    -2000992.736    -4934262.362    3499673.821    0.514408    0.123498    0.768952    -0.358949
5 Oct 2010 16:00:31.667    -2000992.235    -4934262.800    3499673.493    0.513895    0.123733    0.769115    -0.359254
5 Oct 2010 16:00:31.733    -2000991.720    -4934263.242    3499673.164    0.513370    0.123970    0.769284    -0.359562
5 Oct 2010 16:00:31.800    -2000991.211    -4934263.677    3499672.845    0.512847    0.124205    0.769455    -0.359861
5 Oct 2010 16:00:31.867    -2000990.698    -4934264.110    3499672.530    0.512319    0.124439    0.769631    -0.360156
5 Oct 2010 16:00:31.933    -2000990.172    -4934264.548    3499672.214    0.511777    0.124676    0.769814    -0.360453
5 Oct 2010 16:00:32.000    -2000989.651    -4934264.979    3499671.908    0.511238    0.124910    0.769999    -0.360743
5 Oct 2010 16:00:32.067    -2000989.126    -4934265.408    3499671.606    0.510693    0.125143    0.770188    -0.361029
5 Oct 2010 16:00:32.133    -2000988.589    -4934265.841    3499671.304    0.510134    0.125380    0.770385    -0.361316
5 Oct 2010 16:00:32.200    -2000988.056    -4934266.267    3499671.010    0.509579    0.125613    0.770584    -0.361595
5 Oct 2010 16:00:32.267    -2000987.520    -4934266.691    3499670.720    0.509017    0.125846    0.770788    -0.361870
5 Oct 2010 16:00:32.333    -2000986.971    -4934267.119    3499670.432    0.508441    0.126083    0.771000    -0.362147
5 Oct 2010 16:00:32.400    -2000986.428    -4934267.540    3499670.152    0.507868    0.126315    0.771213    -0.362416
5 Oct 2010 16:00:32.467    -2000985.881    -4934267.958    3499669.876    0.507289    0.126548    0.771431    -0.362681
5 Oct 2010 16:00:32.533    -2000985.322    -4934268.382    3499669.601    0.506695    0.126783    0.771658    -0.362946
5 Oct 2010 16:00:32.600    -2000984.767    -4934268.797    3499669.334    0.506103    0.127016    0.771887    -0.363205
5 Oct 2010 16:00:32.667    -2000984.210    -4934269.210    3499669.072    0.505506    0.127248    0.772120    -0.363459
5 Oct 2010 16:00:32.733    -2000983.640    -4934269.628    3499668.811    0.504893    0.127483    0.772362    -0.363714
5 Oct 2010 16:00:32.800    -2000983.075    -4934270.038    3499668.557    0.504283    0.127716    0.772605    -0.363961
5 Oct 2010 16:00:32.867    -2000982.507    -4934270.446    3499668.308    0.503667    0.127948    0.772854    -0.364205
5 Oct 2010 16:00:32.933    -2000981.927    -4934270.858    3499668.061    0.503035    0.128183    0.773112    -0.364448
5 Oct 2010 16:00:33.000    -2000981.352    -4934271.262    3499667.821    0.502406    0.128416    0.773372    -0.364684
5 Oct 2010 16:00:33.067    -2000980.775    -4934271.664    3499667.586    0.501770    0.128648    0.773636    -0.364916
5 Oct 2010 16:00:33.133    -2000980.184    -4934272.070    3499667.353    0.501118    0.128883    0.773910    -0.365147
5 Oct 2010 16:00:33.200    -2000979.600    -4934272.468    3499667.127    0.500469    0.129115    0.774186    -0.365371
5 Oct 2010 16:00:33.267    -2000979.013    -4934272.864    3499666.906    0.499813    0.129347    0.774467    -0.365591
5 Oct 2010 16:00:33.333    -2000978.413    -4934273.264    3499666.687    0.499141    0.129583    0.774757    -0.365812
5 Oct 2010 16:00:33.400    -2000977.819    -4934273.656    3499666.475    0.498471    0.129815    0.775050    -0.366024
5 Oct 2010 16:00:33.467    -2000977.222    -4934274.046    3499666.268    0.497794    0.130047    0.775347    -0.366232
5 Oct 2010 16:00:33.533    -2000976.614    -4934274.439    3499666.063    0.497100    0.130283    0.775655    -0.366439
5 Oct 2010 16:00:33.600    -2000976.011    -4934274.825    3499665.866    0.496408    0.130516    0.775964    -0.366639
5 Oct 2010 16:00:33.667    -2000975.405    -4934275.208    3499665.673    0.495711    0.130749    0.776278    -0.366835
5 Oct 2010 16:00:33.733    -2000974.788    -4934275.595    3499665.482    0.494995    0.130985    0.776603    -0.367030
5 Oct 2010 16:00:33.800    -2000974.176    -4934275.973    3499665.299    0.494282    0.131218    0.776929    -0.367218
5 Oct 2010 16:00:33.867    -2000973.562    -4934276.350    3499665.121    0.493561    0.131451    0.777261    -0.367401
5 Oct 2010 16:00:33.933    -2000972.936    -4934276.730    3499664.944    0.492822    0.131688    0.777603    -0.367584
5 Oct 2010 16:00:34.000    -2000972.316    -4934277.102    3499664.775    0.492087    0.131921    0.777947    -0.367758
5 Oct 2010 16:00:34.067    -2000971.693    -4934277.471    3499664.611    0.491343    0.132155    0.778296    -0.367929
5 Oct 2010 16:00:34.133    -2000971.059    -4934277.844    3499664.449    0.490581    0.132391    0.778657    -0.368098
5 Oct 2010 16:00:34.200    -2000970.431    -4934278.209    3499664.295    0.489823    0.132626    0.779017    -0.368260
5 Oct 2010 16:00:34.267    -2000969.801    -4934278.571    3499664.146    0.489055    0.132861    0.779385    -0.368418
5 Oct 2010 16:00:34.333    -2000969.159    -4934278.937    3499663.998    0.488269    0.133099    0.779764    -0.368573
5 Oct 2010 16:00:34.400    -2000968.524    -4934279.294    3499663.859    0.487487    0.133334    0.780142    -0.368722
5 Oct 2010 16:00:34.467    -2000967.886    -4934279.649    3499663.724    0.486696    0.133570    0.780528    -0.368866
5 Oct 2010 16:00:34.533    -2000967.237    -4934280.007    3499663.591    0.485885    0.133809    0.780925    -0.369008
5 Oct 2010 16:00:34.600    -2000966.594    -4934280.357    3499663.466    0.485077    0.134046    0.781323    -0.369143
5 Oct 2010 16:00:34.667    -2000965.949    -4934280.704    3499663.346    0.484261    0.134282    0.781726    -0.369274
5 Oct 2010 16:00:34.733    -2000965.293    -4934281.055    3499663.228    0.483425    0.134523    0.782142    -0.369402
5 Oct 2010 16:00:34.800    -2000964.644    -4934281.397    3499663.118    0.482592    0.134760    0.782558    -0.369523
5 Oct 2010 16:00:34.867    -2000963.992    -4934281.736    3499663.012    0.481751    0.134997    0.782980    -0.369640
5 Oct 2010 16:00:34.933    -2000963.329    -4934282.079    3499662.910    0.480888    0.135240    0.783415    -0.369754
5 Oct 2010 16:00:35.000    -2000962.673    -4934282.413    3499662.814    0.480029    0.135479    0.783850    -0.369861
5 Oct 2010 16:00:35.067    -2000962.015    -4934282.744    3499662.722    0.479161    0.135718    0.784291    -0.369963
5 Oct 2010 16:00:35.133    -2000961.346    -4934283.079    3499662.636    0.478272    0.135962    0.784744    -0.370063
5 Oct 2010 16:00:35.200    -2000960.684    -4934283.405    3499662.554    0.477386    0.136201    0.785198    -0.370156
5 Oct 2010 16:00:35.267    -2000960.020    -4934283.728    3499662.478    0.476492    0.136443    0.785658    -0.370244
5 Oct 2010 16:00:35.333    -2000959.345    -4934284.054    3499662.406    0.475575    0.136688    0.786131    -0.370329
5 Oct 2010 16:00:35.400    -2000958.677    -4934284.372    3499662.340    0.474662    0.136931    0.786603    -0.370407
5 Oct 2010 16:00:35.467    -2000958.008    -4934284.686    3499662.278    0.473739    0.137173    0.787083    -0.370480
5 Oct 2010 16:00:35.533    -2000957.328    -4934285.004    3499662.222    0.472794    0.137420    0.787575    -0.370550
5 Oct 2010 16:00:35.600    -2000956.655    -4934285.313    3499662.170    0.471853    0.137665    0.788067    -0.370613
5 Oct 2010 16:00:35.667    -2000955.980    -4934285.619    3499662.123    0.470903    0.137910    0.788564    -0.370672
5 Oct 2010 16:00:35.733    -2000955.294    -4934285.928    3499662.082    0.469928    0.138159    0.789077    -0.370726
5 Oct 2010 16:00:35.800    -2000954.617    -4934286.229    3499662.045    0.468958    0.138406    0.789587    -0.370775
5 Oct 2010 16:00:35.867    -2000953.937    -4934286.527    3499662.014    0.467979    0.138653    0.790105    -0.370818
5 Oct 2010 16:00:35.933    -2000953.247    -4934286.825    3499661.987    0.466975    0.138905    0.790636    -0.370857
5 Oct 2010 16:00:36.000    -2000952.565    -4934287.118    3499661.965    0.465975    0.139154    0.791166    -0.370889
5 Oct 2010 16:00:36.067    -2000951.881    -4934287.407    3499661.949    0.464966    0.139403    0.791703    -0.370918
5 Oct 2010 16:00:36.133    -2000951.186    -4934287.697    3499661.937    0.463932    0.139658    0.792254    -0.370940
5 Oct 2010 16:00:36.200    -2000950.500    -4934287.980    3499661.931    0.462903    0.139910    0.792803    -0.370957
5 Oct 2010 16:00:36.267    -2000949.812    -4934288.260    3499661.929    0.461863    0.140162    0.793359    -0.370970
5 Oct 2010 16:00:36.333    -2000949.114    -4934288.540    3499661.933    0.460797    0.140419    0.793930    -0.370977
5 Oct 2010 16:00:36.400    -2000948.424    -4934288.814    3499661.941    0.459738    0.140674    0.794498    -0.370978
5 Oct 2010 16:00:36.467    -2000947.732    -4934289.085    3499661.955    0.458667    0.140929    0.795073    -0.370974
5 Oct 2010 16:00:36.533    -2000947.031    -4934289.356    3499661.973    0.457570    0.141189    0.795663    -0.370965
5 Oct 2010 16:00:36.600    -2000946.337    -4934289.621    3499661.997    0.456479    0.141447    0.796251    -0.370950
5 Oct 2010 16:00:36.667    -2000945.642    -4934289.883    3499662.025    0.455377    0.141706    0.796845    -0.370930
5 Oct 2010 16:00:36.733    -2000944.937    -4934290.144    3499662.059    0.454247    0.141969    0.797455    -0.370904
5 Oct 2010 16:00:36.800    -2000944.241    -4934290.399    3499662.097    0.453123    0.142230    0.798062    -0.370873
5 Oct 2010 16:00:36.867    -2000943.545    -4934290.651    3499662.141    0.451989    0.142491    0.798675    -0.370837
5 Oct 2010 16:00:36.933    -2000942.836    -4934290.903    3499662.189    0.450827    0.142758    0.799304    -0.370794
5 Oct 2010 16:00:37.000    -2000942.138    -4934291.148    3499662.243    0.449671    0.143023    0.799930    -0.370746
5 Oct 2010 16:00:37.067    -2000941.439    -4934291.390    3499662.301    0.448504    0.143288    0.800562    -0.370693
5 Oct 2010 16:00:37.133    -2000940.728    -4934291.632    3499662.365    0.447308    0.143559    0.801210    -0.370633
5 Oct 2010 16:00:37.200    -2000940.028    -4934291.868    3499662.433    0.446119    0.143826    0.801855    -0.370568
5 Oct 2010 16:00:37.267    -2000939.327    -4934292.100    3499662.507    0.444918    0.144096    0.802506    -0.370498
5 Oct 2010 16:00:37.333    -2000938.614    -4934292.332    3499662.585    0.443688    0.144370    0.803173    -0.370421
5 Oct 2010 16:00:37.400    -2000937.912    -4934292.558    3499662.668    0.442464    0.144642    0.803836    -0.370339
5 Oct 2010 16:00:37.467    -2000937.210    -4934292.780    3499662.757    0.441230    0.144915    0.804506    -0.370251
5 Oct 2010 16:00:37.533    -2000936.495    -4934293.002    3499662.850    0.439965    0.145194    0.805192    -0.370157
5 Oct 2010 16:00:37.600    -2000935.792    -4934293.218    3499662.948    0.438707    0.145470    0.805873    -0.370058
5 Oct 2010 16:00:37.667    -2000935.089    -4934293.430    3499663.051    0.437438    0.145747    0.806561    -0.369953
5 Oct 2010 16:00:37.733    -2000934.373    -4934293.642    3499663.161    0.436138    0.146031    0.807265    -0.369840
5 Oct 2010 16:00:37.800    -2000933.669    -4934293.847    3499663.273    0.434846    0.146311    0.807964    -0.369724
5 Oct 2010 16:00:37.867    -2000932.965    -4934294.049    3499663.390    0.433541    0.146593    0.808671    -0.369601
5 Oct 2010 16:00:37.933    -2000932.249    -4934294.250    3499663.515    0.432205    0.146880    0.809393    -0.369470
5 Oct 2010 16:00:38.000    -2000931.545    -4934294.445    3499663.642    0.430877    0.147166    0.810110    -0.369336
5 Oct 2010 16:00:38.067    -2000930.840    -4934294.637    3499663.773    0.429537    0.147452    0.810833    -0.369195
5 Oct 2010 16:00:38.133    -2000930.124    -4934294.828    3499663.913    0.428165    0.147744    0.811573    -0.369047
5 Oct 2010 16:00:38.200    -2000929.420    -4934295.012    3499664.054    0.426801    0.148034    0.812308    -0.368894
5 Oct 2010 16:00:38.267    -2000928.716    -4934295.193    3499664.201    0.425424    0.148325    0.813049    -0.368736
5 Oct 2010 16:00:38.333    -2000927.999    -4934295.374    3499664.355    0.424015    0.148623    0.813806    -0.368569
5 Oct 2010 16:00:38.400    -2000927.296    -4934295.548    3499664.511    0.422615    0.148917    0.814558    -0.368397
5 Oct 2010 16:00:38.467    -2000926.592    -4934295.718    3499664.672    0.421201    0.149214    0.815315    -0.368220
5 Oct 2010 16:00:38.533    -2000925.876    -4934295.888    3499664.841    0.419756    0.149516    0.816089    -0.368034
5 Oct 2010 16:00:38.600    -2000925.173    -4934296.051    3499665.011    0.418318    0.149817    0.816857    -0.367845
5 Oct 2010 16:00:38.667    -2000924.471    -4934296.211    3499665.187    0.416869    0.150118    0.817630    -0.367649
5 Oct 2010 16:00:38.733    -2000923.756    -4934296.370    3499665.370    0.415385    0.150426    0.818421    -0.367444
5 Oct 2010 16:00:38.800    -2000923.054    -4934296.522    3499665.555    0.413910    0.150732    0.819205    -0.367235
5 Oct 2010 16:00:38.867    -2000922.353    -4934296.671    3499665.745    0.412422    0.151039    0.819994    -0.367021
5 Oct 2010 16:00:38.933    -2000921.640    -4934296.819    3499665.942    0.410900    0.151353    0.820800    -0.366797
5 Oct 2010 16:00:39.000    -2000920.940    -4934296.961    3499666.141    0.409388    0.151663    0.821600    -0.366570
5 Oct 2010 16:00:39.067    -2000920.240    -4934297.099    3499666.345    0.407863    0.151976    0.822404    -0.366337
5 Oct 2010 16:00:39.133    -2000919.529    -4934297.236    3499666.557    0.406302    0.152296    0.823226    -0.366093
5 Oct 2010 16:00:39.200    -2000918.831    -4934297.367    3499666.771    0.404752    0.152612    0.824040    -0.365846
5 Oct 2010 16:00:39.267    -2000918.134    -4934297.494    3499666.989    0.403189    0.152931    0.824859    -0.365594
5 Oct 2010 16:00:39.333    -2000917.425    -4934297.620    3499667.215    0.401590    0.153256    0.825694    -0.365331
5 Oct 2010 16:00:39.400    -2000916.729    -4934297.740    3499667.442    0.400002    0.153579    0.826523    -0.365065
5 Oct 2010 16:00:39.467    -2000916.034    -4934297.856    3499667.674    0.398400    0.153904    0.827356    -0.364793
5 Oct 2010 16:00:39.533    -2000915.329    -4934297.971    3499667.914    0.396762    0.154235    0.828205    -0.364510
5 Oct 2010 16:00:39.600    -2000914.636    -4934298.079    3499668.155    0.395135    0.154564    0.829046    -0.364226
5 Oct 2010 16:00:39.667    -2000913.943    -4934298.184    3499668.401    0.393495    0.154895    0.829892    -0.363933
5 Oct 2010 16:00:39.733    -2000913.242    -4934298.288    3499668.655    0.391818    0.155233    0.830755    -0.363630
5 Oct 2010 16:00:39.800    -2000912.552    -4934298.386    3499668.910    0.390152    0.155568    0.831609    -0.363326
5 Oct 2010 16:00:39.867    -2000911.862    -4934298.480    3499669.170    0.388474    0.155905    0.832467    -0.363015
5 Oct 2010 16:00:39.933    -2000911.165    -4934298.571    3499669.437    0.386757    0.156250    0.833342    -0.362692
5 Oct 2010 16:00:40.000    -2000910.478    -4934298.658    3499669.706    0.385053    0.156591    0.834208    -0.362367
5 Oct 2010 16:00:40.067    -2000909.792    -4934298.742    3499669.979    0.383336    0.156935    0.835078    -0.362036
5 Oct 2010 16:00:40.133    -2000909.099    -4934298.821    3499670.260    0.381579    0.157286    0.835964    -0.361693
5 Oct 2010 16:00:40.200    -2000908.416    -4934298.897    3499670.542    0.379837    0.157634    0.836841    -0.361349
5 Oct 2010 16:00:40.267    -2000907.735    -4934298.969    3499670.829    0.378080    0.157984    0.837721    -0.360997
5 Oct 2010 16:00:40.333    -2000907.046    -4934299.038    3499671.123    0.376284    0.158342    0.838619    -0.360634
5 Oct 2010 16:00:40.400    -2000906.368    -4934299.102    3499671.419    0.374503    0.158697    0.839505    -0.360269
5 Oct 2010 16:00:40.467    -2000905.691    -4934299.163    3499671.718    0.374049    0.158769    0.839678    -0.360306
5 Oct 2010 16:00:40.533    -2000905.007    -4934299.220    3499672.027    0.374991    0.158541    0.839105    -0.360762
5 Oct 2010 16:00:40.600    -2000904.333    -4934299.273    3499672.335    0.375921    0.158316    0.838540    -0.361206
5 Oct 2010 16:00:40.667    -2000903.661    -4934299.323    3499672.647    0.376847    0.158090    0.837980    -0.361641
5 Oct 2010 16:00:40.733    -2000902.982    -4934299.368    3499672.969    0.377781    0.157858    0.837416    -0.362073
5 Oct 2010 16:00:40.800    -2000902.314    -4934299.410    3499673.290    0.378698    0.157630    0.836863    -0.362492
5 Oct 2010 16:00:40.867    -2000901.648    -4934299.448    3499673.615    0.379608    0.157400    0.836316    -0.362902
5 Oct 2010 16:00:40.933    -2000900.974    -4934299.482    3499673.950    0.380528    0.157167    0.835765    -0.363309
5 Oct 2010 16:00:41.000    -2000900.312    -4934299.513    3499674.283    0.381428    0.156936    0.835227    -0.363702
5 Oct 2010 16:00:41.067    -2000899.651    -4934299.539    3499674.621    0.382323    0.156704    0.834694    -0.364087
5 Oct 2010 16:00:41.133    -2000898.983    -4934299.562    3499674.969    0.383227    0.156467    0.834157    -0.364469
5 Oct 2010 16:00:41.200    -2000898.327    -4934299.581    3499675.315    0.384112    0.156234    0.833633    -0.364837
5 Oct 2010 16:00:41.267    -2000897.672    -4934299.596    3499675.665    0.384990    0.155998    0.833114    -0.365197
5 Oct 2010 16:00:41.333    -2000897.011    -4934299.608    3499676.025    0.385878    0.155759    0.832591    -0.365553
5 Oct 2010 16:00:41.400    -2000896.361    -4934299.615    3499676.383    0.386746    0.155522    0.832082    -0.365896
5 Oct 2010 16:00:41.467    -2000895.713    -4934299.619    3499676.746    0.387610    0.155284    0.831577    -0.366231
5 Oct 2010 16:00:41.533    -2000895.059    -4934299.619    3499677.118    0.388480    0.155041    0.831070    -0.366564
5 Oct 2010 16:00:41.600    -2000894.415    -4934299.615    3499677.489    0.389331    0.154802    0.830575    -0.366883
5 Oct 2010 16:00:41.667    -2000893.774    -4934299.607    3499677.863    0.390177    0.154561    0.830085    -0.367194
5 Oct 2010 16:00:41.733    -2000893.127    -4934299.596    3499678.248    0.391030    0.154315    0.829594    -0.367501
5 Oct 2010 16:00:41.800    -2000892.491    -4934299.580    3499678.630    0.391865    0.154072    0.829114    -0.367796
5 Oct 2010 16:00:41.867    -2000891.857    -4934299.561    3499679.016    0.392693    0.153827    0.828640    -0.368083
5 Oct 2010 16:00:41.933    -2000891.217    -4934299.538    3499679.413    0.393528    0.153578    0.828164    -0.368366
5 Oct 2010 16:00:42.000    -2000890.589    -4934299.512    3499679.807    0.394344    0.153333    0.827701    -0.368637
5 Oct 2010 16:00:42.067    -2000889.963    -4934299.481    3499680.205    0.395155    0.153084    0.827242    -0.368901
5 Oct 2010 16:00:42.133    -2000889.331    -4934299.447    3499680.612    0.395972    0.152832    0.826782    -0.369161
5 Oct 2010 16:00:42.200    -2000888.710    -4934299.409    3499681.018    0.396771    0.152583    0.826335    -0.369408
5 Oct 2010 16:00:42.267    -2000888.092    -4934299.367    3499681.427    0.397564    0.152332    0.825892    -0.369648
5 Oct 2010 16:00:42.333    -2000887.468    -4934299.321    3499681.846    0.398362    0.152076    0.825449    -0.369884
5 Oct 2010 16:00:42.400    -2000886.856    -4934299.271    3499682.263    0.399143    0.151824    0.825018    -0.370109
5 Oct 2010 16:00:42.467    -2000886.246    -4934299.218    3499682.684    0.399917    0.151569    0.824592    -0.370326
5 Oct 2010 16:00:42.533    -2000885.631    -4934299.161    3499683.114    0.400697    0.151310    0.824165    -0.370539
5 Oct 2010 16:00:42.600    -2000885.027    -4934299.100    3499683.542    0.401458    0.151054    0.823750    -0.370742
5 Oct 2010 16:00:42.667    -2000884.427    -4934299.035    3499683.973    0.402214    0.150796    0.823341    -0.370937
5 Oct 2010 16:00:42.733    -2000883.820    -4934298.967    3499684.414    0.402974    0.150533    0.822932    -0.371127
5 Oct 2010 16:00:42.800    -2000883.226    -4934298.895    3499684.853    0.403717    0.150273    0.822534    -0.371307
5 Oct 2010 16:00:42.867    -2000882.634    -4934298.819    3499685.295    0.404454    0.150012    0.822141    -0.371481
5 Oct 2010 16:00:42.933    -2000882.037    -4934298.739    3499685.746    0.405195    0.149746    0.821748    -0.371649
5 Oct 2010 16:00:43.000    -2000881.451    -4934298.655    3499686.195    0.405919    0.149482    0.821367    -0.371808
5 Oct 2010 16:00:43.067    -2000880.869    -4934298.568    3499686.648    0.406636    0.149217    0.820991    -0.371960
5 Oct 2010 16:00:43.133    -2000880.282    -4934298.477    3499687.110    0.407358    0.148948    0.820616    -0.372106
5 Oct 2010 16:00:43.200    -2000879.706    -4934298.382    3499687.569    0.408062    0.148681    0.820252    -0.372245
5 Oct 2010 16:00:43.267    -2000879.134    -4934298.284    3499688.032    0.408760    0.148412    0.819894    -0.372375
5 Oct 2010 16:00:43.333    -2000878.556    -4934298.181    3499688.504    0.409461    0.148140    0.819536    -0.372501
5 Oct 2010 16:00:43.400    -2000877.991    -4934298.076    3499688.973    0.410146    0.147869    0.819189    -0.372618
5 Oct 2010 16:00:43.467    -2000877.429    -4934297.967    3499689.445    0.410825    0.147596    0.818848    -0.372728
5 Oct 2010 16:00:43.533    -2000876.861    -4934297.852    3499689.927    0.411506    0.147319    0.818508    -0.372833
5 Oct 2010 16:00:43.600    -2000876.306    -4934297.736    3499690.406    0.412172    0.147045    0.818178    -0.372931
5 Oct 2010 16:00:43.667    -2000875.754    -4934297.616    3499690.888    0.412830    0.146770    0.817854    -0.373021
5 Oct 2010 16:00:43.733    -2000875.197    -4934297.490    3499691.379    0.413491    0.146489    0.817532    -0.373106
5 Oct 2010 16:00:43.800    -2000874.653    -4934297.362    3499691.867    0.414137    0.146211    0.817219    -0.373183
5 Oct 2010 16:00:43.867    -2000874.112    -4934297.232    3499692.359    0.414775    0.145932    0.816913    -0.373254
5 Oct 2010 16:00:43.933    -2000873.566    -4934297.094    3499692.859    0.415417    0.145647    0.816608    -0.373320
5 Oct 2010 16:00:44.000    -2000873.033    -4934296.956    3499693.356    0.416043    0.145366    0.816313    -0.373378
5 Oct 2010 16:00:44.067    -2000872.503    -4934296.814    3499693.856    0.416661    0.145083    0.816024    -0.373430
5 Oct 2010 16:00:44.133    -2000871.968    -4934296.666    3499694.367    0.417282    0.144795    0.815736    -0.373476
5 Oct 2010 16:00:44.200    -2000871.446    -4934296.517    3499694.872    0.417887    0.144510    0.815459    -0.373516
5 Oct 2010 16:00:44.267    -2000870.928    -4934296.365    3499695.380    0.418486    0.144224    0.815187    -0.373549
5 Oct 2010 16:00:44.333    -2000870.405    -4934296.205    3499695.900    0.419087    0.143931    0.814917    -0.373578
5 Oct 2010 16:00:44.400    -2000869.894    -4934296.046    3499696.414    0.419671    0.143642    0.814657    -0.373599
5 Oct 2010 16:00:44.467    -2000869.388    -4934295.882    3499696.930    0.420251    0.143352    0.814403    -0.373615
5 Oct 2010 16:00:44.533    -2000868.877    -4934295.712    3499697.459    0.420831    0.143057    0.814150    -0.373625
5 Oct 2010 16:00:44.600    -2000868.378    -4934295.542    3499697.981    0.421395    0.142764    0.813908    -0.373629
5 Oct 2010 16:00:44.667    -2000867.883    -4934295.368    3499698.505    0.421954    0.142470    0.813671    -0.373627
5 Oct 2010 16:00:44.733    -2000867.385    -4934295.187    3499699.041    0.422514    0.142171    0.813435    -0.373620
5 Oct 2010 16:00:44.800    -2000866.898    -4934295.006    3499699.571    0.423059    0.141874    0.813210    -0.373607
5 Oct 2010 16:00:44.867    -2000866.415    -4934294.822    3499700.104    0.423597    0.141578    0.812990    -0.373589
5 Oct 2010 16:00:44.933    -2000865.930    -4934294.630    3499700.648    0.424136    0.141274    0.812773    -0.373564
5 Oct 2010 16:00:45.000    -2000865.456    -4934294.439    3499701.185    0.424662    0.140975    0.812564    -0.373534
5 Oct 2010 16:00:45.067    -2000864.985    -4934294.244    3499701.725    0.425180    0.140673    0.812362    -0.373499
5 Oct 2010 16:00:45.133    -2000864.513    -4934294.042    3499702.276    0.425699    0.140366    0.812161    -0.373459
5 Oct 2010 16:00:45.200    -2000864.051    -4934293.840    3499702.821    0.426203    0.140062    0.811971    -0.373413
5 Oct 2010 16:00:45.267    -2000863.594    -4934293.635    3499703.368    0.426702    0.139758    0.811785    -0.373362
5 Oct 2010 16:00:45.333    -2000863.134    -4934293.423    3499703.927    0.427200    0.139447    0.811602    -0.373306
5 Oct 2010 16:00:45.400    -2000862.686    -4934293.211    3499704.478    0.427684    0.139140    0.811428    -0.373245
5 Oct 2010 16:00:45.467    -2000862.241    -4934292.995    3499705.032    0.428163    0.138831    0.811258    -0.373179
5 Oct 2010 16:00:45.533    -2000861.795    -4934292.773    3499705.598    0.428641    0.138517    0.811092    -0.373107
5 Oct 2010 16:00:45.600    -2000861.360    -4934292.551    3499706.156    0.429106    0.138206    0.810935    -0.373031
5 Oct 2010 16:00:45.667    -2000860.929    -4934292.325    3499706.716    0.429563    0.137894    0.810783    -0.372950
5 Oct 2010 16:00:45.733    -2000860.496    -4934292.093    3499707.288    0.430021    0.137575    0.810634    -0.372864
5 Oct 2010 16:00:45.800    -2000860.074    -4934291.860    3499707.853    0.430466    0.137262    0.810492    -0.372773
5 Oct 2010 16:00:45.867    -2000859.657    -4934291.625    3499708.419    0.430905    0.136946    0.810357    -0.372678
5 Oct 2010 16:00:45.933    -2000859.238    -4934291.383    3499708.997    0.431342    0.136623    0.810225    -0.372577
5 Oct 2010 16:00:46.000    -2000858.830    -4934291.140    3499709.568    0.431767    0.136305    0.810100    -0.372473
5 Oct 2010 16:00:46.067    -2000858.427    -4934290.895    3499710.140    0.432185    0.135986    0.809980    -0.372365
5 Oct 2010 16:00:46.133    -2000858.022    -4934290.643    3499710.724    0.432603    0.135660    0.809865    -0.372249
5 Oct 2010 16:00:46.200    -2000857.628    -4934290.391    3499711.300    0.433008    0.135338    0.809757    -0.372132
5 Oct 2010 16:00:46.267    -2000857.239    -4934290.135    3499711.878    0.433406    0.135015    0.809653    -0.372010
5 Oct 2010 16:00:46.333    -2000856.849    -4934289.874    3499712.467    0.433804    0.134686    0.809554    -0.371882
5 Oct 2010 16:00:46.400    -2000856.469    -4934289.612    3499713.048    0.434189    0.134360    0.809462    -0.371751
5 Oct 2010 16:00:46.467    -2000856.094    -4934289.348    3499713.632    0.434568    0.134033    0.809374    -0.371616
5 Oct 2010 16:00:46.533    -2000855.718    -4934289.077    3499714.226    0.434945    0.133700    0.809291    -0.371476
5 Oct 2010 16:00:46.600    -2000855.353    -4934288.805    3499714.812    0.435311    0.133371    0.809215    -0.371333
5 Oct 2010 16:00:46.667    -2000854.993    -4934288.531    3499715.400    0.435671    0.133040    0.809143    -0.371186
5 Oct 2010 16:00:46.733    -2000854.631    -4934288.251    3499715.999    0.436029    0.132704    0.809076    -0.371032
5 Oct 2010 16:00:46.800    -2000854.281    -4934287.971    3499716.590    0.436375    0.132370    0.809014    -0.370878
5 Oct 2010 16:00:46.867    -2000853.936    -4934287.687    3499717.183    0.436715    0.132036    0.808958    -0.370719
5 Oct 2010 16:00:46.933    -2000853.589    -4934287.398    3499717.786    0.437054    0.131696    0.808906    -0.370555
5 Oct 2010 16:00:47.000    -2000853.254    -4934287.108    3499718.382    0.437381    0.131359    0.808861    -0.370388
5 Oct 2010 16:00:47.067    -2000852.923    -4934286.816    3499718.978    0.437701    0.131021    0.808820    -0.370218
5 Oct 2010 16:00:47.133    -2000852.592    -4934286.517    3499719.585    0.438020    0.130677    0.808783    -0.370042
5 Oct 2010 16:00:47.200    -2000852.272    -4934286.219    3499720.185    0.438329    0.130337    0.808752    -0.369865
5 Oct 2010 16:00:47.267    -2000851.957    -4934285.918    3499720.785    0.438630    0.129995    0.808727    -0.369685
5 Oct 2010 16:00:47.333    -2000851.640    -4934285.609    3499721.396    0.438930    0.129646    0.808705    -0.369498
5 Oct 2010 16:00:47.400    -2000851.335    -4934285.303    3499721.999    0.439218    0.129303    0.808689    -0.369310
5 Oct 2010 16:00:47.467    -2000851.035    -4934284.994    3499722.603    0.439501    0.128957    0.808678    -0.369119
5 Oct 2010 16:00:47.533    -2000850.736    -4934284.676    3499723.217    0.439781    0.128605    0.808672    -0.368921
5 Oct 2010 16:00:47.600    -2000850.446    -4934284.361    3499723.824    0.440051    0.128258    0.808670    -0.368724
5 Oct 2010 16:00:47.667    -2000850.160    -4934284.043    3499724.431    0.440315    0.127908    0.808674    -0.368523
5 Oct 2010 16:00:47.733    -2000849.877    -4934283.717    3499725.048    0.440576    0.127553    0.808682    -0.368316
5 Oct 2010 16:00:47.800    -2000849.603    -4934283.394    3499725.657    0.440828    0.127201    0.808694    -0.368109
5 Oct 2010 16:00:47.867    -2000849.333    -4934283.068    3499726.267    0.441073    0.126847    0.808712    -0.367899
5 Oct 2010 16:00:47.933    -2000849.066    -4934282.733    3499726.887    0.441315    0.126488    0.808734    -0.367682
5 Oct 2010 16:00:48.000    -2000848.807    -4934282.402    3499727.498    0.441547    0.126132    0.808762    -0.367466
5 Oct 2010 16:00:48.067    -2000848.553    -4934282.068    3499728.111    0.441775    0.125776    0.808792    -0.367248
5 Oct 2010 16:00:48.133    -2000848.302    -4934281.725    3499728.733    0.441998    0.125412    0.808829    -0.367022
5 Oct 2010 16:00:48.200    -2000848.059    -4934281.385    3499729.346    0.442213    0.125053    0.808869    -0.366797
5 Oct 2010 16:00:48.267    -2000847.822    -4934281.043    3499729.961    0.442421    0.124691    0.808914    -0.366570
5 Oct 2010 16:00:48.333    -2000847.587    -4934280.693    3499730.585    0.442626    0.124324    0.808964    -0.366337
5 Oct 2010 16:00:48.400    -2000847.360    -4934280.345    3499731.200    0.442823    0.123960    0.809018    -0.366104
5 Oct 2010 16:00:48.467    -2000847.138    -4934279.995    3499731.816    0.443013    0.123596    0.809076    -0.365868
5 Oct 2010 16:00:48.533    -2000846.920    -4934279.637    3499732.442    0.443199    0.123224    0.809140    -0.365627
5 Oct 2010 16:00:48.600    -2000846.709    -4934279.282    3499733.059    0.443378    0.122856    0.809207    -0.365386
5 Oct 2010 16:00:48.667    -2000846.504    -4934278.925    3499733.676    0.443549    0.122488    0.809278    -0.365143
5 Oct 2010 16:00:48.733    -2000846.301    -4934278.559    3499734.303    0.443719    0.122111    0.809355    -0.364894
5 Oct 2010 16:00:48.800    -2000846.107    -4934278.197    3499734.921    0.443878    0.121739    0.809435    -0.364646
5 Oct 2010 16:00:48.867    -2000845.919    -4934277.832    3499735.539    0.444032    0.121367    0.809519    -0.364397
5 Oct 2010 16:00:48.933    -2000845.733    -4934277.459    3499736.166    0.444183    0.120986    0.809608    -0.364140
5 Oct 2010 16:00:49.000    -2000845.555    -4934277.089    3499736.785    0.444325    0.120610    0.809701    -0.363886
5 Oct 2010 16:00:49.067    -2000845.383    -4934276.718    3499737.404    0.444463    0.120233    0.809797    -0.363630
5 Oct 2010 16:00:49.133    -2000845.213    -4934276.337    3499738.032    0.444596    0.119848    0.809899    -0.363366
5 Oct 2010 16:00:49.200    -2000845.052    -4934275.961    3499738.651    0.444721    0.119469    0.810003    -0.363106
5 Oct 2010 16:00:49.267    -2000844.897    -4934275.582    3499739.270    0.444839    0.119086    0.810112    -0.362843
5 Oct 2010 16:00:49.333    -2000844.744    -4934275.195    3499739.898    0.444955    0.118697    0.810226    -0.362574
5 Oct 2010 16:00:49.400    -2000844.600    -4934274.812    3499740.517    0.445062    0.118312    0.810343    -0.362307
5 Oct 2010 16:00:49.467    -2000844.461    -4934274.426    3499741.136    0.445164    0.117926    0.810463    -0.362039
5 Oct 2010 16:00:49.533    -2000844.325    -4934274.033    3499741.764    0.445262    0.117533    0.810589    -0.361765
5 Oct 2010 16:00:49.600    -2000844.198    -4934273.643    3499742.382    0.445352    0.117144    0.810717    -0.361492
5 Oct 2010 16:00:49.667    -2000844.076    -4934273.251    3499743.001    0.445437    0.116753    0.810849    -0.361219
5 Oct 2010 16:00:49.733    -2000843.957    -4934272.851    3499743.628    0.445517    0.116354    0.810986    -0.360939
5 Oct 2010 16:00:49.800    -2000843.846    -4934272.455    3499744.246    0.445591    0.115960    0.811126    -0.360662
5 Oct 2010 16:00:49.867    -2000843.741    -4934272.057    3499744.863    0.445658    0.115564    0.811269    -0.360383
5 Oct 2010 16:00:49.933    -2000843.640    -4934271.651    3499745.490    0.445722    0.115161    0.811418    -0.360099
5 Oct 2010 16:00:50.000    -2000843.545    -4934271.249    3499746.106    0.445778    0.114763    0.811568    -0.359818
5 Oct 2010 16:00:50.067    -2000843.456    -4934270.844    3499746.723    0.445829    0.114362    0.811723    -0.359534
5 Oct 2010 16:00:50.133    -2000843.373    -4934270.432    3499747.347    0.445875    0.113954    0.811882    -0.359246
5 Oct 2010 16:00:50.200    -2000843.295    -4934270.024    3499747.963    0.445915    0.113549    0.812043    -0.358960
5 Oct 2010 16:00:50.267    -2000843.223    -4934269.615    3499748.577    0.445950    0.113143    0.812208    -0.358673
5 Oct 2010 16:00:50.333    -2000843.157    -4934269.197    3499749.201    0.445978    0.112729    0.812379    -0.358380
5 Oct 2010 16:00:50.400    -2000843.096    -4934268.783    3499749.814    0.446001    0.112320    0.812550    -0.358091
5 Oct 2010 16:00:50.467    -2000843.041    -4934268.368    3499750.427    0.446019    0.111909    0.812725    -0.357800
5 Oct 2010 16:00:50.533    -2000842.992    -4934267.945    3499751.048    0.446031    0.111490    0.812906    -0.357505
5 Oct 2010 16:00:50.600    -2000842.948    -4934267.526    3499751.659    0.446038    0.111074    0.813088    -0.357212
5 Oct 2010 16:00:50.667    -2000842.911    -4934267.105    3499752.270    0.446039    0.110658    0.813273    -0.356919
5 Oct 2010 16:00:50.733    -2000842.878    -4934266.677    3499752.888    0.446036    0.110233    0.813464    -0.356619
5 Oct 2010 16:00:50.800    -2000842.852    -4934266.253    3499753.497    0.446026    0.109812    0.813655    -0.356324
5 Oct 2010 16:00:50.867    -2000842.831    -4934265.827    3499754.105    0.446011    0.109389    0.813850    -0.356029
5 Oct 2010 16:00:50.933    -2000842.816    -4934265.394    3499754.720    0.445991    0.108958    0.814051    -0.355727
5 Oct 2010 16:00:51.000    -2000842.807    -4934264.965    3499755.326    0.445966    0.108532    0.814251    -0.355429
5 Oct 2010 16:00:51.067    -2000842.803    -4934264.534    3499755.931    0.445935    0.108103    0.814455    -0.355131
5 Oct 2010 16:00:51.133    -2000842.805    -4934264.096    3499756.544    0.445898    0.107665    0.814666    -0.354828
5 Oct 2010 16:00:51.200    -2000842.813    -4934263.663    3499757.146    0.445856    0.107232    0.814876    -0.354529
5 Oct 2010 16:00:51.267    -2000842.826    -4934263.228    3499757.748    0.445809    0.106797    0.815090    -0.354228
5 Oct 2010 16:00:51.333    -2000842.846    -4934262.785    3499758.357    0.445756    0.106353    0.815309    -0.353923
5 Oct 2010 16:00:51.400    -2000842.870    -4934262.347    3499758.956    0.445699    0.105913    0.815528    -0.353622
5 Oct 2010 16:00:51.467    -2000842.901    -4934261.908    3499759.553    0.445637    0.105471    0.815750    -0.353322
5 Oct 2010 16:00:51.533    -2000842.937    -4934261.461    3499760.159    0.445567    0.105020    0.815979    -0.353015
5 Oct 2010 16:00:51.600    -2000842.979    -4934261.019    3499760.753    0.445494    0.104573    0.816206    -0.352713
5 Oct 2010 16:00:51.667    -2000843.027    -4934260.576    3499761.347    0.445416    0.104124    0.816437    -0.352412
5 Oct 2010 16:00:51.733    -2000843.080    -4934260.125    3499761.948    0.445331    0.103665    0.816674    -0.352105
5 Oct 2010 16:00:51.800    -2000843.139    -4934259.680    3499762.539    0.445242    0.103211    0.816910    -0.351803
5 Oct 2010 16:00:51.867    -2000843.204    -4934259.233    3499763.128    0.445148    0.102753    0.817149    -0.351501
5 Oct 2010 16:00:51.933    -2000843.275    -4934258.778    3499763.724    0.445047    0.102287    0.817394    -0.351194
5 Oct 2010 16:00:52.000    -2000843.351    -4934258.329    3499764.310    0.444944    0.101826    0.817638    -0.350892