30 May 2008 14:00:00.000    1090782.472    -4801096.981    4045776.663    -0.100757    0.898493    0.424605    0.047639
30 May 2008 14:00:01.000    1090762.969    -4801101.411    4045776.664    -0.100756    0.898493    0.424606    0.047638
30 May 2008 14:00:02.000    1090743.465    -4801105.841    4045776.665    -0.100756    0.898493    0.424606    0.047636
30 May 2008 14:00:03.000    1090723.962    -4801110.271    4045776.666    -0.100755    0.898493    0.424606    0.047635
30 May 2008 14:00:04.000    1090704.459    -4801114.701    4045776.666    -0.100754    0.898493    0.424606    0.047633
30 May 2008 14:00:05.000    1090684.956    -4801119.131    4045776.667    -0.100754    0.898493    0.424606    0.047632
30 May 2008 14:00:06.000    1090665.453    -4801123.561    4045776.668    -0.100753    0.898493    0.424606    0.047631
30 May 2008 14:00:07.000    1090645.949    -4801127.991    4045776.668    -0.100752    0.898493    0.424607    0.047629
30 May 2008 14:00:08.000    1090626.446    -4801132.421    4045776.669    -0.100752    0.898493    0.424607    0.047628
30 May 2008 14:00:09.000    1090606.943    -4801136.851    4045776.669    -0.100751    0.898493    0.424607    0.047626
30 May 2008 14:00:10.000    1090587.440    -4801141.281    4045776.670    -0.100750    0.898493    0.424607    0.047625
30 May 2008 14:00:11.000    1090567.936    -4801145.711    4045776.670    -0.100750    0.898493    0.424607    0.047623
30 May 2008 14:00:12.000    1090548.433    -4801150.140    4045776.671    -0.100749    0.898493    0.424607    0.047622
30 May 2008 14:00:13.000    1090528.930    -4801154.570    4045776.671    -0.100748    0.898493    0.424608    0.047621
30 May 2008 14:00:14.000    1090509.427    -4801159.000    4045776.671    -0.100748    0.898494    0.424608    0.047619
30 May 2008 14:00:15.000    1090489.923    -4801163.429    4045776.672    -0.100747    0.898494    0.424608    0.047618
30 May 2008 14:00:16.000    1090470.420    -4801167.859    4045776.672    -0.100746    0.898494    0.424608    0.047616
30 May 2008 14:00:17.000    1090450.917    -4801172.288    4045776.672    -0.100746    0.898494    0.424608    0.047615
30 May 2008 14:00:18.000    1090431.413    -4801176.718    4045776.672    -0.100745    0.898494    0.424608    0.047614
30 May 2008 14:00:19.000    1090411.910    -4801181.147    4045776.672    -0.100744    0.898494    0.424608    0.047612
30 May 2008 14:00:20.000    1090392.407    -4801185.577    4045776.672    -0.100744    0.898494    0.424609    0.047611
30 May 2008 14:00:21.000    1090372.903    -4801190.006    4045776.672    -0.100743    0.898494    0.424609    0.047609
30 May 2008 14:00:22.000    1090353.400    -4801194.435    4045776.672    -0.100742    0.898494    0.424609    0.047608
30 May 2008 14:00:23.000    1090333.897    -4801198.864    4045776.672    -0.100742    0.898494    0.424609    0.047607
30 May 2008 14:00:24.000    1090314.393    -4801203.294    4045776.672    -0.100741    0.898494    0.424609    0.047605
30 May 2008 14:00:25.000    1090294.890    -4801207.723    4045776.672    -0.100740    0.898494    0.424609    0.047604
30 May 2008 14:00:26.000    1090275.386    -4801212.152    4045776.672    -0.100740    0.898494    0.424610    0.047602
30 May 2008 14:00:27.000    1090255.883    -4801216.581    4045776.672    -0.100739    0.898495    0.424610    0.047601
30 May 2008 14:00:28.000    1090236.379    -4801221.010    4045776.672    -0.100738    0.898495    0.424610    0.047600
30 May 2008 14:00:29.000    1090216.876    -4801225.439    4045776.671    -0.100738    0.898495    0.424610    0.047598
30 May 2008 14:00:30.000    1090197.373    -4801229.868    4045776.671    -0.100737    0.898495    0.424610    0.047597
30 May 2008 14:00:31.000    1090177.869    -4801234.297    4045776.671    -0.100736    0.898495    0.424610    0.047595
30 May 2008 14:00:32.000    1090158.366    -4801238.725    4045776.670    -0.100736    0.898495    0.424611    0.047594
30 May 2008 14:00:33.000    1090138.862    -4801243.154    4045776.670    -0.100735    0.898495    0.424611    0.047593
30 May 2008 14:00:34.000    1090119.359    -4801247.583    4045776.669    -0.100734    0.898495    0.424611    0.047591
30 May 2008 14:00:35.000    1090099.855    -4801252.011    4045776.669    -0.100734    0.898495    0.424611    0.047590
30 May 2008 14:00:36.000    1090080.352    -4801256.440    4045776.668    -0.100733    0.898495    0.424611    0.047588
30 May 2008 14:00:37.000    1090060.848    -4801260.869    4045776.668    -0.100732    0.898495    0.424611    0.047587
30 May 2008 14:00:38.000    1090041.345    -4801265.297    4045776.667    -0.100732    0.898495    0.424611    0.047586
30 May 2008 14:00:39.000    1090021.841    -4801269.726    4045776.666    -0.100731    0.898495    0.424612    0.047584
30 May 2008 14:00:40.000    1090002.337    -4801274.154    4045776.666    -0.100730    0.898495    0.424612    0.047583
30 May 2008 14:00:41.000    1089982.834    -4801278.582    4045776.665    -0.100730    0.898496    0.424612    0.047581
30 May 2008 14:00:42.000    1089963.330    -4801283.011    4045776.664    -0.100729    0.898496    0.424612    0.047580
30 May 2008 14:00:43.000    1089944.012    -4801287.037    4045777.088    0.305909    0.851267    0.359818    0.228681
30 May 2008 14:00:44.000    1089929.847    -4801279.912    4045789.277    0.305910    0.851268    0.359818    0.228679
30 May 2008 14:00:45.000    1089915.682    -4801272.786    4045801.467    0.305910    0.851268    0.359817    0.228678
30 May 2008 14:00:46.000    1089901.517    -4801265.661    4045813.657    0.305911    0.851268    0.359817    0.228677
30 May 2008 14:00:47.000    1089887.352    -4801258.536    4045825.846    0.305911    0.851269    0.359816    0.228675
30 May 2008 14:00:48.000    1089873.187    -4801251.410    4045838.036    0.305912    0.851269    0.359816    0.228674
30 May 2008 14:00:49.000    1089859.022    -4801244.285    4045850.225    0.305913    0.851269    0.359815    0.228673
30 May 2008 14:00:50.000    1089844.857    -4801237.159    4045862.415    0.305913    0.851270    0.359815    0.228671
30 May 2008 14:00:51.000    1089830.692    -4801230.034    4045874.604    0.305914    0.851270    0.359814    0.228670
30 May 2008 14:00:52.000    1089816.527    -4801222.908    4045886.794    0.305914    0.851270    0.359814    0.228669
30 May 2008 14:00:53.000    1089802.362    -4801215.783    4045898.983    0.305915    0.851271    0.359813    0.228667
30 May 2008 14:00:54.000    1089788.197    -4801208.657    4045911.172    0.305915    0.851271    0.359813    0.228666
30 May 2008 14:00:55.000    1089774.031    -4801201.531    4045923.361    0.305916    0.851271    0.359812    0.228665
30 May 2008 14:00:56.000    1089759.866    -4801194.405    4045935.551    0.305917    0.851272    0.359812    0.228663
30 May 2008 14:00:57.000    1089745.701    -4801187.280    4045947.740    0.305917    0.851272    0.359811    0.228662
30 May 2008 14:00:58.000    1089731.536    -4801180.154    4045959.929    0.305918    0.851273    0.359811    0.228661
30 May 2008 14:00:59.000    1089717.371    -4801173.028    4045972.118    0.305918    0.851273    0.359810    0.228659
30 May 2008 14:01:00.000    1089703.206    -4801165.902    4045984.307    0.305919    0.851273    0.359810    0.228658
30 May 2008 14:01:01.000    1089689.040    -4801158.776    4045996.496    0.305919    0.851274    0.359809    0.228657
30 May 2008 14:01:02.000    1089674.875    -4801151.650    4046008.685    0.305920    0.851274    0.359809    0.228655
30 May 2008 14:01:03.000    1089660.710    -4801144.524    4046020.874    0.305920    0.851274    0.359808    0.228654
30 May 2008 14:01:04.000    1089646.545    -4801137.397    4046033.063    0.305921    0.851275    0.359808    0.228653
30 May 2008 14:01:05.000    1089632.380    -4801130.271    4046045.252    0.305922    0.851275    0.359807    0.228651
30 May 2008 14:01:06.000    1089618.214    -4801123.145    4046057.441    0.305922    0.851275    0.359807    0.228650
30 May 2008 14:01:07.000    1089604.049    -4801116.019    4046069.630    0.305923    0.851276    0.359806    0.228649
30 May 2008 14:01:08.000    1089589.884    -4801108.892    4046081.818    0.305923    0.851276    0.359806    0.228647
30 May 2008 14:01:09.000    1089575.718    -4801101.766    4046094.007    0.305924    0.851276    0.359806    0.228646
30 May 2008 14:01:10.000    1089561.553    -4801094.639    4046106.196    0.305924    0.851277    0.359805    0.228645
30 May 2008 14:01:11.000    1089547.388    -4801087.513    4046118.384    0.305925    0.851277    0.359805    0.228643
30 May 2008 14:01:12.000    1089533.223    -4801080.386    4046130.573    0.305926    0.851278    0.359804    0.228642
30 May 2008 14:01:13.000    1089519.057    -4801073.260    4046142.762    0.305926    0.851278    0.359804    0.228641
30 May 2008 14:01:14.000    1089504.892    -4801066.133    4046154.950    0.305927    0.851278    0.359803    0.228639
30 May 2008 14:01:15.000    1089490.727    -4801059.007    4046167.139    0.305927    0.851279    0.359803    0.228638
30 May 2008 14:01:16.000    1089476.561    -4801051.880    4046179.327    0.305928    0.851279    0.359802    0.228637
30 May 2008 14:01:17.000    1089462.396    -4801044.753    4046191.515    0.305928    0.851279    0.359802    0.228635
30 May 2008 14:01:18.000    1089448.230    -4801037.626    4046203.704    0.305929    0.851280    0.359801    0.228634
30 May 2008 14:01:19.000    1089434.065    -4801030.499    4046215.892    0.305929    0.851280    0.359801    0.228633
30 May 2008 14:01:20.000    1089419.900    -4801023.372    4046228.080    0.305930    0.851280    0.359800    0.228631
30 May 2008 14:01:21.000    1089405.734    -4801016.246    4046240.269    0.305931    0.851281    0.359800    0.228630
30 May 2008 14:01:22.000    1089391.569    -4801009.119    4046252.457    0.305931    0.851281    0.359799    0.228629
30 May 2008 14:01:23.000    1089377.403    -4801001.991    4046264.645    0.305932    0.851281    0.359799    0.228627
30 May 2008 14:01:24.000    1089363.238    -4800994.864    4046276.833    0.305932    0.851282    0.359798    0.228626
30 May 2008 14:01:25.000    1089349.072    -4800987.737    4046289.021    0.305933    0.851282    0.359798    0.228625
30 May 2008 14:01:26.000    1089334.907    -4800980.610    4046301.209    0.305933    0.851283    0.359797    0.228623
30 May 2008 14:01:27.000    1089320.741    -4800973.483    4046313.397    0.305934    0.851283    0.359797    0.228622
30 May 2008 14:01:28.000    1089306.576    -4800966.355    4046325.585    0.305935    0.851283    0.359796    0.228621
30 May 2008 14:01:29.000    1089292.411    -4800959.228    4046337.773    0.305935    0.851284    0.359796    0.228619
30 May 2008 14:01:30.000    1089278.245    -4800952.101    4046349.961    0.305936    0.851284    0.359795    0.228618
30 May 2008 14:01:31.000    1089264.079    -4800944.973    4046362.149    0.305936    0.851284    0.359795    0.228617
30 May 2008 14:01:32.000    1089249.914    -4800937.846    4046374.336    0.305937    0.851285    0.359794    0.228615
30 May 2008 14:01:33.000    1089235.748    -4800930.718    4046386.524    0.305937    0.851285    0.359794    0.228614
30 May 2008 14:01:34.000    1089221.583    -4800923.591    4046398.712    0.305938    0.851285    0.359794    0.228613
30 May 2008 14:01:35.000    1089207.417    -4800916.463    4046410.900    0.305939    0.851286    0.359793    0.228611
30 May 2008 14:01:36.000    1089193.252    -4800909.335    4046423.087    0.305939    0.851286    0.359793    0.228610
30 May 2008 14:01:37.000    1089179.086    -4800902.208    4046435.275    0.305940    0.851287    0.359792    0.228609
30 May 2008 14:01:38.000    1089164.921    -4800895.080    4046447.462    0.305940    0.851287    0.359792    0.228607
30 May 2008 14:01:39.000    1089150.755    -4800887.952    4046459.650    0.305941    0.851287    0.359791    0.228606
30 May 2008 14:01:40.000    1089136.589    -4800880.824    4046471.837    0.305941    0.851288    0.359791    0.228605
30 May 2008 14:01:41.000    1089122.424    -4800873.696    4046484.025    0.305942    0.851288    0.359790    0.228603
30 May 2008 14:01:42.000    1089108.258    -4800866.568    4046496.212    0.305942    0.851288    0.359790    0.228602
30 May 2008 14:01:43.000    1089094.092    -4800859.440    4046508.400    0.305943    0.851289    0.359789    0.228600
30 May 2008 14:01:44.000    1089079.927    -4800852.312    4046520.587    0.305944    0.851289    0.359789    0.228599
30 May 2008 14:01:45.000    1089065.761    -4800845.184    4046532.774    0.305944    0.851289    0.359788    0.228598
30 May 2008 14:01:46.000    1089051.595    -4800838.056    4046544.961    0.305945    0.851290    0.359788    0.228596
30 May 2008 14:01:47.000    1089037.430    -4800830.928    4046557.149    0.305945    0.851290    0.359787    0.228595
30 May 2008 14:01:48.000    1089023.264    -4800823.800    4046569.336    0.305946    0.851290    0.359787    0.228594
30 May 2008 14:01:49.000    1089009.098    -4800816.671    4046581.523    0.305946    0.851291    0.359786    0.228592
30 May 2008 14:01:50.000    1088994.933    -4800809.543    4046593.710    0.305947    0.851291    0.359786    0.228591
30 May 2008 14:01:51.000    1088980.767    -4800802.415    4046605.897    0.305948    0.851292    0.359785    0.228590
30 May 2008 14:01:52.000    1088966.601    -4800795.286    4046618.084    0.305948    0.851292    0.359785    0.228588
30 May 2008 14:01:53.000    1088952.435    -4800788.158    4046630.271    0.305949    0.851292    0.359784    0.228587
30 May 2008 14:01:54.000    1088947.555    -4800776.686    4046645.094    0.564650    0.707072    0.265643    0.332646
30 May 2008 14:01:55.000    1088944.735    -4800764.250    4046660.502    0.564650    0.707072    0.265642    0.332645
30 May 2008 14:01:56.000    1088941.914    -4800751.815    4046675.911    0.564651    0.707073    0.265641    0.332644
30 May 2008 14:01:57.000    1088939.093    -4800739.379    4046691.319    0.564651    0.707073    0.265640    0.332643
30 May 2008 14:01:58.000    1088936.272    -4800726.944    4046706.727    0.564652    0.707074    0.265640    0.332642
30 May 2008 14:01:59.000    1088933.452    -4800714.508    4046722.135    0.564652    0.707074    0.265639    0.332641
30 May 2008 14:02:00.000    1088930.631    -4800702.072    4046737.543    0.564653    0.707075    0.265638    0.332640
30 May 2008 14:02:01.000    1088927.810    -4800689.636    4046752.950    0.564653    0.707075    0.265637    0.332638
30 May 2008 14:02:02.000    1088924.989    -4800677.201    4046768.358    0.564653    0.707076    0.265636    0.332637
30 May 2008 14:02:03.000    1088922.169    -4800664.765    4046783.766    0.564654    0.707076    0.265635    0.332636
30 May 2008 14:02:04.000    1088919.348    -4800652.329    4046799.174    0.564654    0.707077    0.265634    0.332635
30 May 2008 14:02:05.000    1088916.527    -4800639.893    4046814.582    0.564655    0.707078    0.265633    0.332634
30 May 2008 14:02:06.000    1088913.706    -4800627.457    4046829.989    0.564655    0.707078    0.265632    0.332633
30 May 2008 14:02:07.000    1088910.885    -4800615.021    4046845.397    0.564655    0.707079    0.265632    0.332632
30 May 2008 14:02:08.000    1088908.065    -4800602.585    4046860.805    0.564656    0.707079    0.265631    0.332631
30 May 2008 14:02:09.000    1088905.244    -4800590.149    4046876.212    0.564656    0.707080    0.265630    0.332630
30 May 2008 14:02:10.000    1088902.423    -4800577.713    4046891.620    0.564657    0.707080    0.265629    0.332628
30 May 2008 14:02:11.000    1088899.602    -4800565.276    4046907.027    0.564657    0.707081    0.265628    0.332627
30 May 2008 14:02:12.000    1088896.781    -4800552.840    4046922.435    0.564658    0.707081    0.265627    0.332626
30 May 2008 14:02:13.000    1088893.960    -4800540.404    4046937.842    0.564658    0.707082    0.265626    0.332625
30 May 2008 14:02:14.000    1088891.139    -4800527.967    4046953.250    0.564658    0.707082    0.265625    0.332624
30 May 2008 14:02:15.000    1088888.318    -4800515.531    4046968.657    0.564659    0.707083    0.265624    0.332623
30 May 2008 14:02:16.000    1088885.497    -4800503.094    4046984.064    0.564659    0.707083    0.265624    0.332622
30 May 2008 14:02:17.000    1088882.676    -4800490.658    4046999.472    0.564660    0.707084    0.265623    0.332621
30 May 2008 14:02:18.000    1088879.855    -4800478.221    4047014.879    0.564660    0.707084    0.265622    0.332620
30 May 2008 14:02:19.000    1088877.034    -4800465.785    4047030.286    0.564661    0.707085    0.265621    0.332618
30 May 2008 14:02:20.000    1088874.214    -4800453.348    4047045.693    0.564661    0.707085    0.265620    0.332617
30 May 2008 14:02:21.000    1088871.393    -4800440.911    4047061.100    0.564661    0.707086    0.265619    0.332616
30 May 2008 14:02:22.000    1088868.572    -4800428.475    4047076.507    0.564662    0.707086    0.265618    0.332615
30 May 2008 14:02:23.000    1088865.751    -4800416.038    4047091.915    0.564662    0.707087    0.265617    0.332614
30 May 2008 14:02:24.000    1088862.930    -4800403.601    4047107.321    0.564663    0.707087    0.265616    0.332613
30 May 2008 14:02:25.000    1088860.108    -4800391.164    4047122.728    0.564663    0.707088    0.265616    0.332612
30 May 2008 14:02:26.000    1088857.287    -4800378.727    4047138.135    0.564663    0.707089    0.265615    0.332611
30 May 2008 14:02:27.000    1088854.466    -4800366.290    4047153.542    0.564664    0.707089    0.265614    0.332610
30 May 2008 14:02:28.000    1088851.645    -4800353.853    4047168.949    0.564664    0.707090    0.265613    0.332608
30 May 2008 14:02:29.000    1088848.824    -4800341.416    4047184.356    0.564665    0.707090    0.265612    0.332607
30 May 2008 14:02:30.000    1088846.003    -4800328.979    4047199.763    0.564665    0.707091    0.265611    0.332606
30 May 2008 14:02:31.000    1088843.182    -4800316.542    4047215.169    0.564666    0.707091    0.265610    0.332605
30 May 2008 14:02:32.000    1088840.361    -4800304.104    4047230.576    0.564666    0.707092    0.265609    0.332604
30 May 2008 14:02:33.000    1088837.540    -4800291.667    4047245.983    0.564666    0.707092    0.265608    0.332603
30 May 2008 14:02:34.000    1088834.719    -4800279.230    4047261.389    0.564667    0.707093    0.265608    0.332602
30 May 2008 14:02:35.000    1088831.898    -4800266.793    4047276.796    0.564667    0.707093    0.265607    0.332601
30 May 2008 14:02:36.000    1088829.076    -4800254.355    4047292.202    0.564668    0.707094    0.265606    0.332600
30 May 2008 14:02:37.000    1088826.255    -4800241.918    4047307.609    0.564668    0.707094    0.265605    0.332598
30 May 2008 14:02:38.000    1088823.434    -4800229.480    4047323.015    0.564668    0.707095    0.265604    0.332597
30 May 2008 14:02:39.000    1088820.613    -4800217.043    4047338.422    0.564669    0.707095    0.265603    0.332596
30 May 2008 14:02:40.000    1088817.792    -4800204.605    4047353.828    0.564669    0.707096    0.265602    0.332595
30 May 2008 14:02:41.000    1088814.971    -4800192.167    4047369.234    0.564670    0.707096    0.265601    0.332594
30 May 2008 14:02:42.000    1088812.149    -4800179.730    4047384.641    0.564670    0.707097    0.265600    0.332593
30 May 2008 14:02:43.000    1088809.328    -4800167.292    4047400.047    0.564671    0.707097    0.265600    0.332592
30 May 2008 14:02:44.000    1088806.507    -4800154.854    4047415.453    0.564671    0.707098    0.265599    0.332591
30 May 2008 14:02:45.000    1088803.686    -4800142.416    4047430.859    0.564671    0.707098    0.265598    0.332590
30 May 2008 14:02:46.000    1088800.864    -4800129.978    4047446.265    0.564672    0.707099    0.265597    0.332588
30 May 2008 14:02:47.000    1088798.043    -4800117.540    4047461.671    0.564672    0.707099    0.265596    0.332587
30 May 2008 14:02:48.000    1088795.222    -4800105.102    4047477.077    0.564673    0.707100    0.265595    0.332586
30 May 2008 14:02:49.000    1088795.897    -4800092.634    4047491.584    0.762495    0.486798    0.143360    0.401344
30 May 2008 14:02:50.000    1088805.596    -4800080.088    4047503.772    0.762495    0.486799    0.143359    0.401343
30 May 2008 14:02:51.000    1088815.295    -4800067.542    4047515.959    0.762495    0.486800    0.143358    0.401342
30 May 2008 14:02:52.000    1088824.994    -4800054.996    4047528.147    0.762496    0.486800    0.143357    0.401341
30 May 2008 14:02:53.000    1088834.693    -4800042.450    4047540.334    0.762496    0.486801    0.143355    0.401341
30 May 2008 14:02:54.000    1088844.392    -4800029.904    4047552.522    0.762496    0.486801    0.143354    0.401340
30 May 2008 14:02:55.000    1088854.091    -4800017.358    4047564.709    0.762496    0.486802    0.143353    0.401339
30 May 2008 14:02:56.000    1088863.790    -4800004.812    4047576.896    0.762496    0.486803    0.143352    0.401338
30 May 2008 14:02:57.000    1088873.489    -4799992.266    4047589.083    0.762497    0.486803    0.143351    0.401338
30 May 2008 14:02:58.000    1088883.188    -4799979.719    4047601.271    0.762497    0.486804    0.143349    0.401337
30 May 2008 14:02:59.000    1088892.887    -4799967.173    4047613.458    0.762497    0.486805    0.143348    0.401336
30 May 2008 14:03:00.000    1088902.585    -4799954.627    4047625.645    0.762497    0.486805    0.143347    0.401335
30 May 2008 14:03:01.000    1088912.284    -4799942.080    4047637.832    0.762498    0.486806    0.143346    0.401334
30 May 2008 14:03:02.000    1088921.983    -4799929.534    4047650.019    0.762498    0.486807    0.143345    0.401334
30 May 2008 14:03:03.000    1088931.682    -4799916.987    4047662.206    0.762498    0.486807    0.143344    0.401333
30 May 2008 14:03:04.000    1088941.381    -4799904.441    4047674.393    0.762498    0.486808    0.143342    0.401332
30 May 2008 14:03:05.000    1088951.080    -4799891.894    4047686.580    0.762499    0.486808    0.143341    0.401331
30 May 2008 14:03:06.000    1088960.778    -4799879.347    4047698.767    0.762499    0.486809    0.143340    0.401331
30 May 2008 14:03:07.000    1088970.477    -4799866.801    4047710.953    0.762499    0.486810    0.143339    0.401330
30 May 2008 14:03:08.000    1088980.176    -4799854.254    4047723.140    0.762499    0.486810    0.143338    0.401329
30 May 2008 14:03:09.000    1088989.875    -4799841.707    4047735.327    0.762499    0.486811    0.143336    0.401328
30 May 2008 14:03:10.000    1088999.574    -4799829.160    4047747.514    0.762500    0.486812    0.143335    0.401328
30 May 2008 14:03:11.000    1089009.272    -4799816.613    4047759.700    0.762500    0.486812    0.143334    0.401327
30 May 2008 14:03:12.000    1089018.971    -4799804.066    4047771.887    0.762500    0.486813    0.143333    0.401326
30 May 2008 14:03:13.000    1089028.670    -4799791.519    4047784.074    0.762500    0.486813    0.143332    0.401325
30 May 2008 14:03:14.000    1089038.369    -4799778.972    4047796.260    0.762501    0.486814    0.143330    0.401325
30 May 2008 14:03:15.000    1089048.067    -4799766.425    4047808.447    0.762501    0.486815    0.143329    0.401324
30 May 2008 14:03:16.000    1089057.766    -4799753.878    4047820.633    0.762501    0.486815    0.143328    0.401323
30 May 2008 14:03:17.000    1089067.465    -4799741.331    4047832.820    0.762501    0.486816    0.143327    0.401322
30 May 2008 14:03:18.000    1089077.163    -4799728.784    4047845.006    0.762501    0.486817    0.143326    0.401321
30 May 2008 14:03:19.000    1089086.862    -4799716.236    4047857.192    0.762502    0.486817    0.143324    0.401321
30 May 2008 14:03:20.000    1089096.561    -4799703.689    4047869.379    0.762502    0.486818    0.143323    0.401320
30 May 2008 14:03:21.000    1089106.259    -4799691.142    4047881.565    0.762502    0.486818    0.143322    0.401319
30 May 2008 14:03:22.000    1089115.958    -4799678.594    4047893.751    0.762502    0.486819    0.143321    0.401318
30 May 2008 14:03:23.000    1089125.657    -4799666.047    4047905.937    0.762503    0.486820    0.143320    0.401318
30 May 2008 14:03:24.000    1089135.355    -4799653.499    4047918.123    0.762503    0.486820    0.143318    0.401317
30 May 2008 14:03:25.000    1089145.054    -4799640.952    4047930.310    0.762503    0.486821    0.143317    0.401316
30 May 2008 14:03:26.000    1089154.752    -4799628.404    4047942.496    0.762503    0.486822    0.143316    0.401315
30 May 2008 14:03:27.000    1089164.451    -4799615.856    4047954.682    0.762503    0.486822    0.143315    0.401315
30 May 2008 14:03:28.000    1089174.149    -4799603.309    4047966.868    0.762504    0.486823    0.143314    0.401314
30 May 2008 14:03:29.000    1089183.848    -4799590.761    4047979.054    0.762504    0.486824    0.143312    0.401313
30 May 2008 14:03:30.000    1089193.547    -4799578.213    4047991.239    0.762504    0.486824    0.143311    0.401312
30 May 2008 14:03:31.000    1089203.245    -4799565.665    4048003.425    0.762504    0.486825    0.143310    0.401312
30 May 2008 14:03:32.000    1089212.944    -4799553.118    4048015.611    0.762505    0.486825    0.143309    0.401311
30 May 2008 14:03:33.000    1089222.642    -4799540.570    4048027.797    0.762505    0.486826    0.143308    0.401310
30 May 2008 14:03:34.000    1089232.341    -4799528.022    4048039.983    0.762505    0.486827    0.143306    0.401309
30 May 2008 14:03:35.000    1089242.039    -4799515.474    4048052.168    0.762505    0.486827    0.143305    0.401309
30 May 2008 14:03:36.000    1089251.738    -4799502.925    4048064.354    0.762505    0.486828    0.143304    0.401308
30 May 2008 14:03:37.000    1089261.436    -4799490.377    4048076.540    0.762506    0.486829    0.143303    0.401307
30 May 2008 14:03:38.000    1089271.135    -4799477.829    4048088.725    0.762506    0.486829    0.143302    0.401306
30 May 2008 14:03:39.000    1089280.833    -4799465.281    4048100.911    0.762506    0.486830    0.143300    0.401305
30 May 2008 14:03:40.000    1089290.531    -4799452.733    4048113.096    0.762506    0.486830    0.143299    0.401305
30 May 2008 14:03:41.000    1089300.230    -4799440.184    4048125.282    0.762507    0.486831    0.143298    0.401304
30 May 2008 14:03:42.000    1089309.928    -4799427.636    4048137.467    0.762507    0.486832    0.143297    0.401303
30 May 2008 14:03:43.000    1089319.627    -4799415.088    4048149.653    0.762507    0.486832    0.143296    0.401302
30 May 2008 14:03:44.000    1089329.325    -4799402.539    4048161.838    0.762507    0.486833    0.143294    0.401302
30 May 2008 14:03:45.000    1089339.024    -4799389.991    4048174.023    0.762508    0.486834    0.143293    0.401301
30 May 2008 14:03:46.000    1089348.722    -4799377.442    4048186.209    0.762508    0.486834    0.143292    0.401300
30 May 2008 14:03:47.000    1089358.420    -4799364.893    4048198.394    0.762508    0.486835    0.143291    0.401299
30 May 2008 14:03:48.000    1089368.119    -4799352.345    4048210.579    0.762508    0.486835    0.143290    0.401299
30 May 2008 14:03:49.000    1089377.817    -4799339.796    4048222.764    0.762508    0.486836    0.143288    0.401298
30 May 2008 14:03:50.000    1089387.515    -4799327.247    4048234.949    0.762509    0.486837    0.143287    0.401297
30 May 2008 14:03:51.000    1089397.214    -4799314.699    4048247.134    0.762509    0.486837    0.143286    0.401296
30 May 2008 14:03:52.000    1089406.912    -4799302.150    4048259.319    0.762509    0.486838    0.143285    0.401296
30 May 2008 14:03:53.000    1089416.610    -4799289.601    4048271.504    0.762509    0.486839    0.143284    0.401295
30 May 2008 14:03:54.000    1089426.308    -4799277.052    4048283.689    0.762510    0.486839    0.143282    0.401294
30 May 2008 14:03:55.000    1089436.007    -4799264.503    4048295.874    0.762510    0.486840    0.143281    0.401293
30 May 2008 14:03:56.000    1089445.705    -4799251.954    4048308.059    0.762510    0.486841    0.143280    0.401292
30 May 2008 14:03:57.000    1089455.403    -4799239.405    4048320.244    0.762510    0.486841    0.143279    0.401292
30 May 2008 14:03:58.000    1089465.102    -4799226.856    4048332.429    0.762510    0.486842    0.143278    0.401291
30 May 2008 14:03:59.000    1089475.490    -4799214.878    4048343.756    0.898607    0.100741    -0.047552    0.424377
30 May 2008 14:04:00.000    1089494.993    -4799210.450    4048343.757    0.898607    0.100741    -0.047554    0.424377
30 May 2008 14:04:01.000    1089514.497    -4799206.021    4048343.758    0.898607    0.100742    -0.047555    0.424377
30 May 2008 14:04:02.000    1089534.000    -4799201.593    4048343.759    0.898606    0.100743    -0.047557    0.424377
30 May 2008 14:04:03.000    1089553.504    -4799197.165    4048343.759    0.898606    0.100743    -0.047558    0.424377
30 May 2008 14:04:04.000    1089573.007    -4799192.736    4048343.760    0.898606    0.100744    -0.047559    0.424376
30 May 2008 14:04:05.000    1089592.511    -4799188.308    4048343.761    0.898606    0.100745    -0.047561    0.424376
30 May 2008 14:04:06.000    1089612.014    -4799183.879    4048343.761    0.898606    0.100745    -0.047562    0.424376
30 May 2008 14:04:07.000    1089631.518    -4799179.450    4048343.762    0.898606    0.100746    -0.047564    0.424376
30 May 2008 14:04:08.000    1089651.022    -4799175.022    4048343.762    0.898606    0.100747    -0.047565    0.424376
30 May 2008 14:04:09.000    1089670.525    -4799170.593    4048343.763    0.898606    0.100747    -0.047566    0.424376
30 May 2008 14:04:10.000    1089690.029    -4799166.164    4048343.763    0.898606    0.100748    -0.047568    0.424376
30 May 2008 14:04:11.000    1089709.532    -4799161.735    4048343.764    0.898606    0.100749    -0.047569    0.424375
30 May 2008 14:04:12.000    1089729.035    -4799157.307    4048343.764    0.898606    0.100749    -0.047571    0.424375
30 May 2008 14:04:13.000    1089748.539    -4799152.878    4048343.764    0.898606    0.100750    -0.047572    0.424375
30 May 2008 14:04:14.000    1089768.042    -4799148.449    4048343.765    0.898606    0.100751    -0.047573    0.424375
30 May 2008 14:04:15.000    1089787.546    -4799144.020    4048343.765    0.898606    0.100751    -0.047575    0.424375
30 May 2008 14:04:16.000    1089807.049    -4799139.591    4048343.765    0.898605    0.100752    -0.047576    0.424375
30 May 2008 14:04:17.000    1089826.553    -4799135.162    4048343.765    0.898605    0.100753    -0.047578    0.424374
30 May 2008 14:04:18.000    1089846.056    -4799130.733    4048343.765    0.898605    0.100753    -0.047579    0.424374
30 May 2008 14:04:19.000    1089865.559    -4799126.303    4048343.765    0.898605    0.100754    -0.047580    0.424374
30 May 2008 14:04:20.000    1089885.063    -4799121.874    4048343.765    0.898605    0.100755    -0.047582    0.424374
30 May 2008 14:04:21.000    1089904.566    -4799117.445    4048343.765    0.898605    0.100755    -0.047583    0.424374
30 May 2008 14:04:22.000    1089924.070    -4799113.016    4048343.765    0.898605    0.100756    -0.047585    0.424374
30 May 2008 14:04:23.000    1089943.573    -4799108.586    4048343.765    0.898605    0.100757    -0.047586    0.424374
30 May 2008 14:04:24.000    1089963.076    -4799104.157    4048343.765    0.898605    0.100757    -0.047587    0.424373
30 May 2008 14:04:25.000    1089982.580    -4799099.727    4048343.765    0.898605    0.100758    -0.047589    0.424373
30 May 2008 14:04:26.000    1090002.083    -4799095.298    4048343.765    0.898605    0.100759    -0.047590    0.424373
30 May 2008 14:04:27.000    1090021.586    -4799090.868    4048343.764    0.898605    0.100759    -0.047592    0.424373
30 May 2008 14:04:28.000    1090041.090    -4799086.439    4048343.764    0.898605    0.100760    -0.047593    0.424373
30 May 2008 14:04:29.000    1090060.593    -4799082.009    4048343.764    0.898604    0.100761    -0.047595    0.424373
30 May 2008 14:04:30.000    1090080.096    -4799077.579    4048343.763    0.898604    0.100761    -0.047596    0.424372
30 May 2008 14:04:31.000    1090099.599    -4799073.150    4048343.763    0.898604    0.100762    -0.047597    0.424372
30 May 2008 14:04:32.000    1090119.103    -4799068.720    4048343.763    0.898604    0.100763    -0.047599    0.424372
30 May 2008 14:04:33.000    1090138.606    -4799064.290    4048343.762    0.898604    0.100763    -0.047600    0.424372
30 May 2008 14:04:34.000    1090158.109    -4799059.860    4048343.762    0.898604    0.100764    -0.047602    0.424372
30 May 2008 14:04:35.000    1090177.612    -4799055.430    4048343.761    0.898604    0.100765    -0.047603    0.424372
30 May 2008 14:04:36.000    1090197.116    -4799051.000    4048343.760    0.898604    0.100765    -0.047604    0.424371
30 May 2008 14:04:37.000    1090216.619    -4799046.570    4048343.760    0.898604    0.100766    -0.047606    0.424371
30 May 2008 14:04:38.000    1090236.122    -4799042.140    4048343.759    0.898604    0.100767    -0.047607    0.424371
30 May 2008 14:04:39.000    1090255.625    -4799037.710    4048343.758    0.898604    0.100767    -0.047609    0.424371
30 May 2008 14:04:40.000    1090275.128    -4799033.280    4048343.758    0.898604    0.100768    -0.047610    0.424371
30 May 2008 14:04:41.000    1090294.631    -4799028.850    4048343.757    0.898604    0.100769    -0.047611    0.424371
30 May 2008 14:04:42.000    1090313.474    -4799025.849    4048342.249    0.851394    -0.305885    -0.228590    0.359595
30 May 2008 14:04:43.000    1090327.642    -4799032.979    4048330.064    0.851394    -0.305885    -0.228591    0.359596
30 May 2008 14:04:44.000    1090341.809    -4799040.108    4048317.879    0.851394    -0.305884    -0.228593    0.359596
30 May 2008 14:04:45.000    1090355.976    -4799047.237    4048305.694    0.851393    -0.305883    -0.228594    0.359597
30 May 2008 14:04:46.000    1090370.143    -4799054.366    4048293.510    0.851393    -0.305883    -0.228595    0.359597
30 May 2008 14:04:47.000    1090384.311    -4799061.495    4048281.325    0.851392    -0.305882    -0.228597    0.359598
30 May 2008 14:04:48.000    1090398.478    -4799068.624    4048269.140    0.851392    -0.305882    -0.228598    0.359598
30 May 2008 14:04:49.000    1090412.645    -4799075.753    4048256.955    0.851392    -0.305881    -0.228599    0.359599
30 May 2008 14:04:50.000    1090426.812    -4799082.882    4048244.770    0.851391    -0.305881    -0.228601    0.359599
30 May 2008 14:04:51.000    1090440.979    -4799090.011    4048232.585    0.851391    -0.305880    -0.228602    0.359600
30 May 2008 14:04:52.000    1090455.146    -4799097.140    4048220.399    0.851391    -0.305880    -0.228603    0.359600
30 May 2008 14:04:53.000    1090469.314    -4799104.268    4048208.214    0.851390    -0.305879    -0.228605    0.359600
30 May 2008 14:04:54.000    1090483.481    -4799111.397    4048196.029    0.851390    -0.305878    -0.228606    0.359601
30 May 2008 14:04:55.000    1090497.648    -4799118.526    4048183.844    0.851390    -0.305878    -0.228607    0.359601
30 May 2008 14:04:56.000    1090511.815    -4799125.654    4048171.659    0.851389    -0.305877    -0.228609    0.359602
30 May 2008 14:04:57.000    1090525.982    -4799132.783    4048159.473    0.851389    -0.305877    -0.228610    0.359602
30 May 2008 14:04:58.000    1090540.149    -4799139.911    4048147.288    0.851388    -0.305876    -0.228611    0.359603
30 May 2008 14:04:59.000    1090554.316    -4799147.040    4048135.102    0.851388    -0.305876    -0.228613    0.359603
30 May 2008 14:05:00.000    1090568.483    -4799154.168    4048122.917    0.851388    -0.305875    -0.228614    0.359604
30 May 2008 14:05:01.000    1090582.650    -4799161.297    4048110.732    0.851387    -0.305874    -0.228615    0.359604
30 May 2008 14:05:02.000    1090596.817    -4799168.425    4048098.546    0.851387    -0.305874    -0.228617    0.359605
30 May 2008 14:05:03.000    1090610.984    -4799175.553    4048086.361    0.851387    -0.305873    -0.228618    0.359605
30 May 2008 14:05:04.000    1090625.152    -4799182.682    4048074.175    0.851386    -0.305873    -0.228620    0.359606
30 May 2008 14:05:05.000    1090639.319    -4799189.810    4048061.989    0.851386    -0.305872    -0.228621    0.359606
30 May 2008 14:05:06.000    1090653.486    -4799196.938    4048049.804    0.851386    -0.305872    -0.228622    0.359607
30 May 2008 14:05:07.000    1090667.653    -4799204.066    4048037.618    0.851385    -0.305871    -0.228624    0.359607
30 May 2008 14:05:08.000    1090681.820    -4799211.194    4048025.432    0.851385    -0.305870    -0.228625    0.359608
30 May 2008 14:05:09.000    1090695.986    -4799218.322    4048013.246    0.851385    -0.305870    -0.228626    0.359608
30 May 2008 14:05:10.000    1090710.153    -4799225.450    4048001.061    0.851384    -0.305869    -0.228628    0.359609
30 May 2008 14:05:11.000    1090724.320    -4799232.578    4047988.875    0.851384    -0.305869    -0.228629    0.359609
30 May 2008 14:05:12.000    1090738.487    -4799239.706    4047976.689    0.851383    -0.305868    -0.228630    0.359610
30 May 2008 14:05:13.000    1090752.654    -4799246.834    4047964.503    0.851383    -0.305868    -0.228632    0.359610
30 May 2008 14:05:14.000    1090766.821    -4799253.962    4047952.317    0.851383    -0.305867    -0.228633    0.359611
30 May 2008 14:05:15.000    1090780.988    -4799261.089    4047940.131    0.851382    -0.305867    -0.228634    0.359611
30 May 2008 14:05:16.000    1090795.155    -4799268.217    4047927.945    0.851382    -0.305866    -0.228636    0.359612
30 May 2008 14:05:17.000    1090809.322    -4799275.345    4047915.759    0.851382    -0.305865    -0.228637    0.359612
30 May 2008 14:05:18.000    1090823.489    -4799282.472    4047903.572    0.851381    -0.305865    -0.228638    0.359612
30 May 2008 14:05:19.000    1090837.656    -4799289.600    4047891.386    0.851381    -0.305864    -0.228640    0.359613
30 May 2008 14:05:20.000    1090851.822    -4799296.727    4047879.200    0.851381    -0.305864    -0.228641    0.359613
30 May 2008 14:05:21.000    1090865.989    -4799303.855    4047867.014    0.851380    -0.305863    -0.228642    0.359614
30 May 2008 14:05:22.000    1090880.156    -4799310.982    4047854.827    0.851380    -0.305863    -0.228644    0.359614
30 May 2008 14:05:23.000    1090894.323    -4799318.109    4047842.641    0.851380    -0.305862    -0.228645    0.359615
30 May 2008 14:05:24.000    1090908.490    -4799325.237    4047830.455    0.851379    -0.305861    -0.228646    0.359615
30 May 2008 14:05:25.000    1090922.657    -4799332.364    4047818.268    0.851379    -0.305861    -0.228648    0.359616
30 May 2008 14:05:26.000    1090936.823    -4799339.491    4047806.082    0.851378    -0.305860    -0.228649    0.359616
30 May 2008 14:05:27.000    1090950.990    -4799346.618    4047793.895    0.851378    -0.305860    -0.228650    0.359617
30 May 2008 14:05:28.000    1090965.157    -4799353.745    4047781.709    0.851378    -0.305859    -0.228652    0.359617
30 May 2008 14:05:29.000    1090979.324    -4799360.873    4047769.522    0.851377    -0.305859    -0.228653    0.359618
30 May 2008 14:05:30.000    1090993.490    -4799368.000    4047757.335    0.851377    -0.305858    -0.228654    0.359618
30 May 2008 14:05:31.000    1091007.657    -4799375.127    4047745.149    0.851377    -0.305858    -0.228656    0.359619
30 May 2008 14:05:32.000    1091021.824    -4799382.253    4047732.962    0.851376    -0.305857    -0.228657    0.359619
30 May 2008 14:05:33.000    1091035.991    -4799389.380    4047720.775    0.851376    -0.305856    -0.228658    0.359620
30 May 2008 14:05:34.000    1091050.157    -4799396.507    4047708.588    0.851376    -0.305856    -0.228660    0.359620
30 May 2008 14:05:35.000    1091064.324    -4799403.634    4047696.402    0.851375    -0.305855    -0.228661    0.359621
30 May 2008 14:05:36.000    1091078.491    -4799410.761    4047684.215    0.851375    -0.305855    -0.228662    0.359621
30 May 2008 14:05:37.000    1091092.657    -4799417.887    4047672.028    0.851374    -0.305854    -0.228664    0.359622
30 May 2008 14:05:38.000    1091106.824    -4799425.014    4047659.841    0.851374    -0.305854    -0.228665    0.359622
30 May 2008 14:05:39.000    1091120.991    -4799432.141    4047647.654    0.851374    -0.305853    -0.228666    0.359623
30 May 2008 14:05:40.000    1091135.157    -4799439.267    4047635.467    0.851373    -0.305852    -0.228668    0.359623
30 May 2008 14:05:41.000    1091149.324    -4799446.394    4047623.280    0.851373    -0.305852    -0.228669    0.359624
30 May 2008 14:05:42.000    1091163.491    -4799453.520    4047611.093    0.851373    -0.305851    -0.228670    0.359624
30 May 2008 14:05:43.000    1091177.657    -4799460.647    4047598.905    0.851372    -0.305851    -0.228672    0.359624
30 May 2008 14:05:44.000    1091191.824    -4799467.773    4047586.718    0.851372    -0.305850    -0.228673    0.359625
30 May 2008 14:05:45.000    1091205.990    -4799474.899    4047574.531    0.851372    -0.305850    -0.228674    0.359625
30 May 2008 14:05:46.000    1091220.157    -4799482.026    4047562.344    0.851371    -0.305849    -0.228676    0.359626
30 May 2008 14:05:47.000    1091234.324    -4799489.152    4047550.156    0.851371    -0.305848    -0.228677    0.359626
30 May 2008 14:05:48.000    1091248.490    -4799496.278    4047537.969    0.851371    -0.305848    -0.228678    0.359627
30 May 2008 14:05:49.000    1091262.657    -4799503.404    4047525.782    0.851370    -0.305847    -0.228680    0.359627
30 May 2008 14:05:50.000    1091276.823    -4799510.530    4047513.594    0.851370    -0.305847    -0.228681    0.359628
30 May 2008 14:05:51.000    1091290.990    -4799517.656    4047501.407    0.851369    -0.305846    -0.228682    0.359628
30 May 2008 14:05:52.000    1091305.156    -4799524.782    4047489.219    0.851369    -0.305846    -0.228684    0.359629
30 May 2008 14:05:53.000    1091308.950    -4799536.766    4047474.087    0.707248    -0.564487    -0.332656    0.265508
30 May 2008 14:05:54.000    1091311.778    -4799549.203    4047458.681    0.707247    -0.564487    -0.332657    0.265509
30 May 2008 14:05:55.000    1091314.606    -4799561.639    4047443.275    0.707247    -0.564487    -0.332658    0.265510
30 May 2008 14:05:56.000    1091317.434    -4799574.076    4047427.869    0.707246    -0.564486    -0.332659    0.265511
30 May 2008 14:05:57.000    1091320.262    -4799586.512    4047412.463    0.707246    -0.564486    -0.332660    0.265512
30 May 2008 14:05:58.000    1091323.089    -4799598.948    4047397.057    0.707245    -0.564485    -0.332662    0.265513
30 May 2008 14:05:59.000    1091325.917    -4799611.384    4047381.651    0.707245    -0.564485    -0.332663    0.265514
30 May 2008 14:06:00.000    1091328.745    -4799623.821    4047366.244    0.707244    -0.564484    -0.332664    0.265514
30 May 2008 14:06:01.000    1091331.572    -4799636.257    4047350.838    0.707244    -0.564484    -0.332665    0.265515
30 May 2008 14:06:02.000    1091334.400    -4799648.693    4047335.432    0.707243    -0.564484    -0.332666    0.265516
30 May 2008 14:06:03.000    1091337.228    -4799661.129    4047320.025    0.707242    -0.564483    -0.332667    0.265517
30 May 2008 14:06:04.000    1091340.055    -4799673.565    4047304.619    0.707242    -0.564483    -0.332668    0.265518
30 May 2008 14:06:05.000    1091342.883    -4799686.001    4047289.212    0.707241    -0.564482    -0.332669    0.265519
30 May 2008 14:06:06.000    1091345.711    -4799698.437    4047273.806    0.707241    -0.564482    -0.332670    0.265520
30 May 2008 14:06:07.000    1091348.538    -4799710.873    4047258.399    0.707240    -0.564482    -0.332672    0.265521
30 May 2008 14:06:08.000    1091351.366    -4799723.309    4047242.993    0.707240    -0.564481    -0.332673    0.265522
30 May 2008 14:06:09.000    1091354.194    -4799735.744    4047227.586    0.707239    -0.564481    -0.332674    0.265522
30 May 2008 14:06:10.000    1091357.021    -4799748.180    4047212.179    0.707239    -0.564480    -0.332675    0.265523
30 May 2008 14:06:11.000    1091359.849    -4799760.616    4047196.773    0.707238    -0.564480    -0.332676    0.265524
30 May 2008 14:06:12.000    1091362.677    -4799773.051    4047181.366    0.707238    -0.564479    -0.332677    0.265525
30 May 2008 14:06:13.000    1091365.504    -4799785.487    4047165.959    0.707237    -0.564479    -0.332678    0.265526
30 May 2008 14:06:14.000    1091368.332    -4799797.923    4047150.552    0.707237    -0.564479    -0.332679    0.265527
30 May 2008 14:06:15.000    1091371.159    -4799810.358    4047135.145    0.707236    -0.564478    -0.332680    0.265528
30 May 2008 14:06:16.000    1091373.987    -4799822.793    4047119.739    0.707236    -0.564478    -0.332682    0.265529
30 May 2008 14:06:17.000    1091376.814    -4799835.229    4047104.332    0.707235    -0.564477    -0.332683    0.265530
30 May 2008 14:06:18.000    1091379.642    -4799847.664    4047088.925    0.707235    -0.564477    -0.332684    0.265530
30 May 2008 14:06:19.000    1091382.469    -4799860.100    4047073.518    0.707234    -0.564477    -0.332685    0.265531
30 May 2008 14:06:20.000    1091385.297    -4799872.535    4047058.110    0.707234    -0.564476    -0.332686    0.265532
30 May 2008 14:06:21.000    1091388.124    -4799884.970    4047042.703    0.707233    -0.564476    -0.332687    0.265533
30 May 2008 14:06:22.000    1091390.952    -4799897.405    4047027.296    0.707233    -0.564475    -0.332688    0.265534
30 May 2008 14:06:23.000    1091393.779    -4799909.840    4047011.889    0.707232    -0.564475    -0.332689    0.265535
30 May 2008 14:06:24.000    1091396.607    -4799922.275    4046996.482    0.707232    -0.564474    -0.332690    0.265536
30 May 2008 14:06:25.000    1091399.434    -4799934.710    4046981.074    0.707231    -0.564474    -0.332692    0.265537
30 May 2008 14:06:26.000    1091402.262    -4799947.145    4046965.667    0.707230    -0.564474    -0.332693    0.265538
30 May 2008 14:06:27.000    1091405.089    -4799959.580    4046950.260    0.707230    -0.564473    -0.332694    0.265538
30 May 2008 14:06:28.000    1091407.917    -4799972.015    4046934.852    0.707229    -0.564473    -0.332695    0.265539
30 May 2008 14:06:29.000    1091410.744    -4799984.450    4046919.445    0.707229    -0.564472    -0.332696    0.265540
30 May 2008 14:06:30.000    1091413.571    -4799996.885    4046904.037    0.707228    -0.564472    -0.332697    0.265541
30 May 2008 14:06:31.000    1091416.399    -4800009.320    4046888.630    0.707228    -0.564472    -0.332698    0.265542
30 May 2008 14:06:32.000    1091419.226    -4800021.754    4046873.222    0.707227    -0.564471    -0.332699    0.265543
30 May 2008 14:06:33.000    1091422.053    -4800034.189    4046857.815    0.707227    -0.564471    -0.332700    0.265544
30 May 2008 14:06:34.000    1091424.881    -4800046.624    4046842.407    0.707226    -0.564470    -0.332702    0.265545
30 May 2008 14:06:35.000    1091427.708    -4800059.058    4046826.999    0.707226    -0.564470    -0.332703    0.265546
30 May 2008 14:06:36.000    1091430.535    -4800071.493    4046811.592    0.707225    -0.564469    -0.332704    0.265546
30 May 2008 14:06:37.000    1091433.363    -4800083.927    4046796.184    0.707225    -0.564469    -0.332705    0.265547
30 May 2008 14:06:38.000    1091436.190    -4800096.361    4046780.776    0.707224    -0.564469    -0.332706    0.265548
30 May 2008 14:06:39.000    1091439.017    -4800108.796    4046765.368    0.707224    -0.564468    -0.332707    0.265549
30 May 2008 14:06:40.000    1091441.845    -4800121.230    4046749.960    0.707223    -0.564468    -0.332708    0.265550
30 May 2008 14:06:41.000    1091444.672    -4800133.664    4046734.553    0.707223    -0.564467    -0.332709    0.265551
30 May 2008 14:06:42.000    1091447.499    -4800146.099    4046719.145    0.707222    -0.564467    -0.332710    0.265552
30 May 2008 14:06:43.000    1091450.327    -4800158.533    4046703.737    0.707222    -0.564467    -0.332712    0.265553
30 May 2008 14:06:44.000    1091453.154    -4800170.967    4046688.329    0.707221    -0.564466    -0.332713    0.265554
30 May 2008 14:06:45.000    1091455.981    -4800183.401    4046672.920    0.707221    -0.564466    -0.332714    0.265554
30 May 2008 14:06:46.000    1091458.808    -4800195.835    4046657.512    0.707220    -0.564465    -0.332715    0.265555
30 May 2008 14:06:47.000    1091461.635    -4800208.269    4046642.104    0.707219    -0.564465    -0.332716    0.265556
30 May 2008 14:06:48.000    1091459.759    -4800220.746    4046627.906    0.486882    -0.762397    -0.401474    0.143232
30 May 2008 14:06:49.000    1091450.061    -4800233.294    4046615.719    0.486881    -0.762397    -0.401475    0.143233
30 May 2008 14:06:50.000    1091440.364    -4800245.841    4046603.532    0.486880    -0.762397    -0.401476    0.143235
30 May 2008 14:06:51.000    1091430.667    -4800258.389    4046591.345    0.486880    -0.762396    -0.401477    0.143236
30 May 2008 14:06:52.000    1091420.970    -4800270.937    4046579.158    0.486879    -0.762396    -0.401477    0.143237
30 May 2008 14:06:53.000    1091411.272    -4800283.484    4046566.971    0.486878    -0.762396    -0.401478    0.143238
30 May 2008 14:06:54.000    1091401.575    -4800296.032    4046554.783    0.486878    -0.762396    -0.401479    0.143239
30 May 2008 14:06:55.000    1091391.878    -4800308.580    4046542.596    0.486877    -0.762395    -0.401480    0.143241
30 May 2008 14:06:56.000    1091382.181    -4800321.127    4046530.409    0.486876    -0.762395    -0.401480    0.143242
30 May 2008 14:06:57.000    1091372.483    -4800333.674    4046518.222    0.486876    -0.762395    -0.401481    0.143243
30 May 2008 14:06:58.000    1091362.786    -4800346.222    4046506.034    0.486875    -0.762395    -0.401482    0.143244
30 May 2008 14:06:59.000    1091353.089    -4800358.769    4046493.847    0.486875    -0.762395    -0.401483    0.143245
30 May 2008 14:07:00.000    1091343.391    -4800371.316    4046481.660    0.486874    -0.762394    -0.401483    0.143247
30 May 2008 14:07:01.000    1091333.694    -4800383.864    4046469.472    0.486873    -0.762394    -0.401484    0.143248
30 May 2008 14:07:02.000    1091323.997    -4800396.411    4046457.285    0.486873    -0.762394    -0.401485    0.143249
30 May 2008 14:07:03.000    1091314.299    -4800408.958    4046445.097    0.486872    -0.762394    -0.401486    0.143250
30 May 2008 14:07:04.000    1091304.602    -4800421.505    4046432.910    0.486871    -0.762393    -0.401487    0.143251
30 May 2008 14:07:05.000    1091294.905    -4800434.052    4046420.722    0.486871    -0.762393    -0.401487    0.143253
30 May 2008 14:07:06.000    1091285.207    -4800446.599    4046408.534    0.486870    -0.762393    -0.401488    0.143254
30 May 2008 14:07:07.000    1091275.510    -4800459.146    4046396.347    0.486870    -0.762393    -0.401489    0.143255
30 May 2008 14:07:08.000    1091265.812    -4800471.693    4046384.159    0.486869    -0.762393    -0.401490    0.143256
30 May 2008 14:07:09.000    1091256.115    -4800484.240    4046371.971    0.486868    -0.762392    -0.401490    0.143257
30 May 2008 14:07:10.000    1091246.417    -4800496.787    4046359.783    0.486868    -0.762392    -0.401491    0.143258
30 May 2008 14:07:11.000    1091236.720    -4800509.333    4046347.596    0.486867    -0.762392    -0.401492    0.143260
30 May 2008 14:07:12.000    1091227.022    -4800521.880    4046335.408    0.486866    -0.762392    -0.401493    0.143261
30 May 2008 14:07:13.000    1091217.325    -4800534.427    4046323.220    0.486866    -0.762391    -0.401493    0.143262
30 May 2008 14:07:14.000    1091207.628    -4800546.973    4046311.032    0.486865    -0.762391    -0.401494    0.143263
30 May 2008 14:07:15.000    1091197.930    -4800559.520    4046298.844    0.486865    -0.762391    -0.401495    0.143264
30 May 2008 14:07:16.000    1091188.233    -4800572.067    4046286.656    0.486864    -0.762391    -0.401496    0.143266
30 May 2008 14:07:17.000    1091178.535    -4800584.613    4046274.468    0.486863    -0.762391    -0.401496    0.143267
30 May 2008 14:07:18.000    1091168.837    -4800597.159    4046262.280    0.486863    -0.762390    -0.401497    0.143268
30 May 2008 14:07:19.000    1091159.140    -4800609.706    4046250.091    0.486862    -0.762390    -0.401498    0.143269
30 May 2008 14:07:20.000    1091149.442    -4800622.252    4046237.903    0.486861    -0.762390    -0.401499    0.143270
30 May 2008 14:07:21.000    1091139.745    -4800634.798    4046225.715    0.486861    -0.762390    -0.401500    0.143272
30 May 2008 14:07:22.000    1091130.047    -4800647.345    4046213.527    0.486860    -0.762389    -0.401500    0.143273
30 May 2008 14:07:23.000    1091120.350    -4800659.891    4046201.338    0.486859    -0.762389    -0.401501    0.143274
30 May 2008 14:07:24.000    1091110.652    -4800672.437    4046189.150    0.486859    -0.762389    -0.401502    0.143275
30 May 2008 14:07:25.000    1091100.954    -4800684.983    4046176.962    0.486858    -0.762389    -0.401503    0.143276
30 May 2008 14:07:26.000    1091091.257    -4800697.529    4046164.773    0.486858    -0.762389    -0.401503    0.143278
30 May 2008 14:07:27.000    1091081.559    -4800710.075    4046152.585    0.486857    -0.762388    -0.401504    0.143279
30 May 2008 14:07:28.000    1091071.862    -4800722.621    4046140.396    0.486856    -0.762388    -0.401505    0.143280
30 May 2008 14:07:29.000    1091062.164    -4800735.167    4046128.208    0.486856    -0.762388    -0.401506    0.143281
30 May 2008 14:07:30.000    1091052.466    -4800747.713    4046116.019    0.486855    -0.762388    -0.401506    0.143282
30 May 2008 14:07:31.000    1091042.769    -4800760.259    4046103.830    0.486854    -0.762387    -0.401507    0.143284
30 May 2008 14:07:32.000    1091033.071    -4800772.805    4046091.642    0.486854    -0.762387    -0.401508    0.143285
30 May 2008 14:07:33.000    1091023.373    -4800785.350    4046079.453    0.486853    -0.762387    -0.401509    0.143286
30 May 2008 14:07:34.000    1091013.675    -4800797.896    4046067.264    0.486853    -0.762387    -0.401509    0.143287
30 May 2008 14:07:35.000    1091003.978    -4800810.442    4046055.075    0.486852    -0.762387    -0.401510    0.143288
30 May 2008 14:07:36.000    1090994.280    -4800822.987    4046042.887    0.486851    -0.762386    -0.401511    0.143290
30 May 2008 14:07:37.000    1090984.582    -4800835.533    4046030.698    0.486851    -0.762386    -0.401512    0.143291
30 May 2008 14:07:38.000    1090974.885    -4800848.078    4046018.509    0.486850    -0.762386    -0.401513    0.143292
30 May 2008 14:07:39.000    1090965.187    -4800860.624    4046006.320    0.486849    -0.762386    -0.401513    0.143293
30 May 2008 14:07:40.000    1090955.489    -4800873.169    4045994.131    0.486849    -0.762385    -0.401514    0.143294
30 May 2008 14:07:41.000    1090945.791    -4800885.714    4045981.942    0.486848    -0.762385    -0.401515    0.143296
30 May 2008 14:07:42.000    1090936.093    -4800898.260    4045969.753    0.486848    -0.762385    -0.401516    0.143297
30 May 2008 14:07:43.000    1090926.396    -4800910.805    4045957.564    0.486847    -0.762385    -0.401516    0.143298
30 May 2008 14:07:44.000    1090916.698    -4800923.350    4045945.374    0.486846    -0.762384    -0.401517    0.143299
30 May 2008 14:07:45.000    1090907.000    -4800935.895    4045933.185    0.486846    -0.762384    -0.401518    0.143300
30 May 2008 14:07:46.000    1090897.302    -4800948.440    4045920.996    0.486845    -0.762384    -0.401519    0.143302
30 May 2008 14:07:47.000    1090887.604    -4800960.986    4045908.807    0.486844    -0.762384    -0.401519    0.143303
30 May 2008 14:07:48.000    1090877.906    -4800973.531    4045896.617    0.486844    -0.762384    -0.401520    0.143304
30 May 2008 14:07:49.000    1090868.209    -4800986.076    4045884.428    0.486843    -0.762383    -0.401521    0.143305
30 May 2008 14:07:50.000    1090858.511    -4800998.620    4045872.239    0.486842    -0.762383    -0.401522    0.143306
30 May 2008 14:07:51.000    1090848.813    -4801011.165    4045860.049    0.486842    -0.762383    -0.401522    0.143308
30 May 2008 14:07:52.000    1090839.115    -4801023.710    4045847.860    0.486841    -0.762383    -0.401523    0.143309
30 May 2008 14:07:53.000    1090829.417    -4801036.255    4045835.670    0.486841    -0.762382    -0.401524    0.143310
30 May 2008 14:07:54.000    1090819.719    -4801048.800    4045823.481    0.486840    -0.762382    -0.401525    0.143311
30 May 2008 14:07:55.000    1090810.021    -4801061.344    4045811.291    0.486839    -0.762382    -0.401525    0.143312
30 May 2008 14:07:56.000    1090800.323    -4801073.889    4045799.101    0.486839    -0.762382    -0.401526    0.143314
30 May 2008 14:07:57.000    1090790.625    -4801086.434    4045786.912    0.486838    -0.762382    -0.401527    0.143315
